start	end	weight	direction
1	2	1	0
1	3	1	0
1	4	1	0
1	5	1	0
1	6	1	0
1	7	1	0
1	8	1	0
1	9	1	0
1	11	1	0
1	12	1	0
1	13	1	0
1	14	1	0
1	18	1	0
1	20	1	0
1	22	1	0
1	32	1	0
2	3	1	0
2	4	1	0
2	8	1	0
2	14	1	0
2	18	1	0
2	20	1	0
2	22	1	0
2	31	1	0
3	4	1	0
3	8	1	0
3	9	1	0
3	14	1	0
3	10	1	0
3	28	1	0
3	29	1	0
3	33	1	0
4	8	1	0
4	13	1	0
4	14	1	0
5	7	1	0
5	11	1	0
6	7	1	0
6	11	1	0
6	17	1	0
7	17	1	0
9	31	1	0
9	33	1	0
9	34	1	0
14	34	1	0
20	34	1	0
32	29	1	0
32	33	1	0
32	26	1	0
32	34	1	0
32	25	1	0
31	33	1	0
31	34	1	0
10	34	1	0
28	24	1	0
28	34	1	0
28	25	1	0
29	34	1	0
33	24	1	0
33	30	1	0
33	34	1	0
33	15	1	0
33	16	1	0
33	19	1	0
33	21	1	0
33	23	1	0
24	26	1	0
24	30	1	0
24	34	1	0
26	25	1	0
30	34	1	0
30	27	1	0
34	27	1	0
34	15	1	0
34	16	1	0
34	19	1	0
34	21	1	0
34	23	1	0
1	31	-1	0
1	10	-1	0
1	28	-1	0
1	29	-1	0
1	33	-1	0
1	17	-1	0
1	24	-1	0
1	26	-1	0
1	30	-1	0
1	34	-1	0
1	25	-1	0
1	27	-1	0
1	15	-1	0
1	16	-1	0
1	19	-1	0
1	21	-1	0
1	23	-1	0
2	5	-1	0
2	6	-1	0
2	7	-1	0
2	9	-1	0
2	11	-1	0
2	12	-1	0
2	13	-1	0
2	32	-1	0
2	10	-1	0
2	28	-1	0
2	29	-1	0
2	33	-1	0
2	17	-1	0
2	24	-1	0
2	26	-1	0
2	30	-1	0
2	34	-1	0
2	25	-1	0
2	27	-1	0
2	15	-1	0
2	16	-1	0
2	19	-1	0
2	21	-1	0
2	23	-1	0
3	5	-1	0
3	6	-1	0
3	7	-1	0
3	11	-1	0
3	12	-1	0
3	13	-1	0
3	18	-1	0
3	20	-1	0
3	22	-1	0
3	32	-1	0
3	31	-1	0
3	17	-1	0
3	24	-1	0
3	26	-1	0
3	30	-1	0
3	34	-1	0
3	25	-1	0
3	27	-1	0
3	15	-1	0
3	16	-1	0
3	19	-1	0
3	21	-1	0
3	23	-1	0
4	5	-1	0
4	6	-1	0
4	7	-1	0
4	9	-1	0
4	11	-1	0
4	12	-1	0
4	18	-1	0
4	20	-1	0
4	22	-1	0
4	32	-1	0
4	31	-1	0
4	10	-1	0
4	28	-1	0
4	29	-1	0
4	33	-1	0
4	17	-1	0
4	24	-1	0
4	26	-1	0
4	30	-1	0
4	34	-1	0
4	25	-1	0
4	27	-1	0
4	15	-1	0
4	16	-1	0
4	19	-1	0
4	21	-1	0
4	23	-1	0
5	6	-1	0
5	8	-1	0
5	9	-1	0
5	12	-1	0
5	13	-1	0
5	14	-1	0
5	18	-1	0
5	20	-1	0
5	22	-1	0
5	32	-1	0
5	31	-1	0
5	10	-1	0
5	28	-1	0
5	29	-1	0
5	33	-1	0
5	17	-1	0
5	24	-1	0
5	26	-1	0
5	30	-1	0
5	34	-1	0
5	25	-1	0
5	27	-1	0
5	15	-1	0
5	16	-1	0
5	19	-1	0
5	21	-1	0
5	23	-1	0
6	8	-1	0
6	9	-1	0
6	12	-1	0
6	13	-1	0
6	14	-1	0
6	18	-1	0
6	20	-1	0
6	22	-1	0
6	32	-1	0
6	31	-1	0
6	10	-1	0
6	28	-1	0
6	29	-1	0
6	33	-1	0
6	24	-1	0
6	26	-1	0
6	30	-1	0
6	34	-1	0
6	25	-1	0
6	27	-1	0
6	15	-1	0
6	16	-1	0
6	19	-1	0
6	21	-1	0
6	23	-1	0
7	8	-1	0
7	9	-1	0
7	11	-1	0
7	12	-1	0
7	13	-1	0
7	14	-1	0
7	18	-1	0
7	20	-1	0
7	22	-1	0
7	32	-1	0
7	31	-1	0
7	10	-1	0
7	28	-1	0
7	29	-1	0
7	33	-1	0
7	24	-1	0
7	26	-1	0
7	30	-1	0
7	34	-1	0
7	25	-1	0
7	27	-1	0
7	15	-1	0
7	16	-1	0
7	19	-1	0
7	21	-1	0
7	23	-1	0
8	9	-1	0
8	11	-1	0
8	12	-1	0
8	13	-1	0
8	14	-1	0
8	18	-1	0
8	20	-1	0
8	22	-1	0
8	32	-1	0
8	31	-1	0
8	10	-1	0
8	28	-1	0
8	29	-1	0
8	33	-1	0
8	17	-1	0
8	24	-1	0
8	26	-1	0
8	30	-1	0
8	34	-1	0
8	25	-1	0
8	27	-1	0
8	15	-1	0
8	16	-1	0
8	19	-1	0
8	21	-1	0
8	23	-1	0
9	11	-1	0
9	12	-1	0
9	13	-1	0
9	14	-1	0
9	18	-1	0
9	20	-1	0
9	22	-1	0
9	32	-1	0
9	10	-1	0
9	28	-1	0
9	29	-1	0
9	17	-1	0
9	24	-1	0
9	26	-1	0
9	30	-1	0
9	25	-1	0
9	27	-1	0
9	15	-1	0
9	16	-1	0
9	19	-1	0
9	21	-1	0
9	23	-1	0
11	12	-1	0
11	13	-1	0
11	14	-1	0
11	18	-1	0
11	20	-1	0
11	22	-1	0
11	32	-1	0
11	31	-1	0
11	10	-1	0
11	28	-1	0
11	29	-1	0
11	33	-1	0
11	17	-1	0
11	24	-1	0
11	26	-1	0
11	30	-1	0
11	34	-1	0
11	25	-1	0
11	27	-1	0
11	15	-1	0
11	16	-1	0
11	19	-1	0
11	21	-1	0
11	23	-1	0
12	13	-1	0
12	14	-1	0
12	18	-1	0
12	20	-1	0
12	22	-1	0
12	32	-1	0
12	31	-1	0
12	10	-1	0
12	28	-1	0
12	29	-1	0
12	33	-1	0
12	17	-1	0
12	24	-1	0
12	26	-1	0
12	30	-1	0
12	34	-1	0
12	25	-1	0
12	27	-1	0
12	15	-1	0
12	16	-1	0
12	19	-1	0
12	21	-1	0
12	23	-1	0
13	14	-1	0
13	18	-1	0
13	20	-1	0
13	22	-1	0
13	32	-1	0
13	31	-1	0
13	10	-1	0
13	28	-1	0
13	29	-1	0
13	33	-1	0
13	17	-1	0
13	24	-1	0
13	26	-1	0
13	30	-1	0
13	34	-1	0
13	25	-1	0
13	27	-1	0
13	15	-1	0
13	16	-1	0
13	19	-1	0
13	21	-1	0
13	23	-1	0
14	18	-1	0
14	20	-1	0
14	22	-1	0
14	32	-1	0
14	31	-1	0
14	10	-1	0
14	28	-1	0
14	29	-1	0
14	33	-1	0
14	17	-1	0
14	24	-1	0
14	26	-1	0
14	30	-1	0
14	25	-1	0
14	27	-1	0
14	15	-1	0
14	16	-1	0
14	19	-1	0
14	21	-1	0
14	23	-1	0
18	20	-1	0
18	22	-1	0
18	32	-1	0
18	31	-1	0
18	10	-1	0
18	28	-1	0
18	29	-1	0
18	33	-1	0
18	17	-1	0
18	24	-1	0
18	26	-1	0
18	30	-1	0
18	34	-1	0
18	25	-1	0
18	27	-1	0
18	15	-1	0
18	16	-1	0
18	19	-1	0
18	21	-1	0
18	23	-1	0
20	22	-1	0
20	32	-1	0
20	31	-1	0
20	10	-1	0
20	28	-1	0
20	29	-1	0
20	33	-1	0
20	17	-1	0
20	24	-1	0
20	26	-1	0
20	30	-1	0
20	25	-1	0
20	27	-1	0
20	15	-1	0
20	16	-1	0
20	19	-1	0
20	21	-1	0
20	23	-1	0
22	32	-1	0
22	31	-1	0
22	10	-1	0
22	28	-1	0
22	29	-1	0
22	33	-1	0
22	17	-1	0
22	24	-1	0
22	26	-1	0
22	30	-1	0
22	34	-1	0
22	25	-1	0
22	27	-1	0
22	15	-1	0
22	16	-1	0
22	19	-1	0
22	21	-1	0
22	23	-1	0
32	31	-1	0
32	10	-1	0
32	28	-1	0
32	17	-1	0
32	24	-1	0
32	30	-1	0
32	27	-1	0
32	15	-1	0
32	16	-1	0
32	19	-1	0
32	21	-1	0
32	23	-1	0
31	10	-1	0
31	28	-1	0
31	29	-1	0
31	17	-1	0
31	24	-1	0
31	26	-1	0
31	30	-1	0
31	25	-1	0
31	27	-1	0
31	15	-1	0
31	16	-1	0
31	19	-1	0
31	21	-1	0
31	23	-1	0
10	28	-1	0
10	29	-1	0
10	33	-1	0
10	17	-1	0
10	24	-1	0
10	26	-1	0
10	30	-1	0
10	25	-1	0
10	27	-1	0
10	15	-1	0
10	16	-1	0
10	19	-1	0
10	21	-1	0
10	23	-1	0
28	29	-1	0
28	33	-1	0
28	17	-1	0
28	26	-1	0
28	30	-1	0
28	27	-1	0
28	15	-1	0
28	16	-1	0
28	19	-1	0
28	21	-1	0
28	23	-1	0
29	33	-1	0
29	17	-1	0
29	24	-1	0
29	26	-1	0
29	30	-1	0
29	25	-1	0
29	27	-1	0
29	15	-1	0
29	16	-1	0
29	19	-1	0
29	21	-1	0
29	23	-1	0
33	17	-1	0
33	26	-1	0
33	25	-1	0
33	27	-1	0
17	24	-1	0
17	26	-1	0
17	30	-1	0
17	34	-1	0
17	25	-1	0
17	27	-1	0
17	15	-1	0
17	16	-1	0
17	19	-1	0
17	21	-1	0
17	23	-1	0
24	25	-1	0
24	27	-1	0
24	15	-1	0
24	16	-1	0
24	19	-1	0
24	21	-1	0
24	23	-1	0
26	30	-1	0
26	34	-1	0
26	27	-1	0
26	15	-1	0
26	16	-1	0
26	19	-1	0
26	21	-1	0
26	23	-1	0
30	25	-1	0
30	15	-1	0
30	16	-1	0
30	19	-1	0
30	21	-1	0
30	23	-1	0
34	25	-1	0
25	27	-1	0
25	15	-1	0
25	16	-1	0
25	19	-1	0
25	21	-1	0
25	23	-1	0
27	15	-1	0
27	16	-1	0
27	19	-1	0
27	21	-1	0
27	23	-1	0
15	16	-1	0
15	19	-1	0
15	21	-1	0
15	23	-1	0
16	19	-1	0
16	21	-1	0
16	23	-1	0
19	21	-1	0
19	23	-1	0
21	23	-1	0
