Configuration	D(%)	I(%)	S(%)	C(%)	D_sd	I_sd	S_sd	C_sd	RMSE
bD=1,0 bI=2,5 bS=4,5 bC=2,0	23.28	25.86	34.52	16.33	3.58	4.67	12.13	9.13	14.93
bD=1,0 bI=3,5 bS=4,5 bC=3,0	24.74	26.72	33.19	15.35	5.26	3.46	11.18	8.71	15.31
bD=2,0 bI=4,5 bS=3,5 bC=2,0	25.07	25.01	34.11	15.81	4.58	3.70	7.93	9.48	15.45
bD=1,0 bI=2,5 bS=3,5 bC=2,0	26.03	25.83	32.42	15.72	3.42	3.99	7.73	8.14	16.09
bD=2,0 bI=2,5 bS=4,5 bC=2,0	26.27	24.93	32.12	16.67	4.62	4.06	10.14	8.75	16.61
bD=1,5 bI=3,5 bS=2,5 bC=3,0	27.76	26.90	30.60	14.74	5.18	4.39	6.31	7.74	16.76
bD=1,5 bI=4,5 bS=3,5 bC=3,0	24.27	27.00	30.44	18.30	4.97	5.41	8.15	8.95	16.89
bD=2,0 bI=3,5 bS=3,5 bC=3,0	26.71	24.21	32.03	17.05	3.70	4.17	10.52	8.93	16.95
bD=1,5 bI=2,5 bS=3,5 bC=3,0	25.91	25.46	31.11	17.52	5.67	4.88	8.61	7.36	17.00
bD=1,5 bI=3,5 bS=4,5 bC=2,0	26.47	23.64	32.02	17.86	4.37	2.69	7.95	7.39	17.20
bD=2,0 bI=2,5 bS=3,5 bC=2,0	24.59	25.31	30.75	19.36	4.17	3.99	8.28	7.90	17.36
bD=1,0 bI=4,5 bS=4,5 bC=3,0	24.41	27.48	29.25	18.86	4.30	3.96	7.46	7.44	17.44
bD=1,0 bI=2,5 bS=4,5 bC=3,0	25.86	26.25	29.80	18.09	2.94	3.91	10.33	7.91	17.48
bD=1,0 bI=4,5 bS=4,5 bC=2,0	25.03	26.52	29.68	18.77	5.50	4.99	8.40	8.17	17.50
bD=2,0 bI=3,5 bS=4,5 bC=3,0	23.56	26.98	29.54	19.92	3.39	4.10	9.74	10.21	17.53
bD=2,0 bI=3,5 bS=2,5 bC=3,0	25.98	27.50	28.80	17.72	4.54	4.49	3.78	6.34	17.62
bD=1,5 bI=4,5 bS=4,5 bC=3,0	23.40	27.72	28.85	20.03	3.44	4.17	9.06	8.28	17.69
bD=1,0 bI=2,5 bS=3,5 bC=3,0	23.64	26.07	29.81	20.48	4.57	3.05	7.39	7.65	17.72
bD=2,0 bI=4,5 bS=4,5 bC=2,0	24.44	27.83	28.44	19.29	3.22	3.88	6.31	8.56	17.81
bD=1,5 bI=3,5 bS=2,5 bC=2,0	26.77	25.66	29.57	18.00	4.21	3.28	5.50	7.51	17.82
bD=1,5 bI=4,5 bS=3,5 bC=2,0	25.53	27.59	28.20	18.68	4.35	5.14	6.21	7.58	17.98
bD=1,5 bI=4,5 bS=2,5 bC=2,0	25.32	25.96	29.07	19.65	5.20	5.18	6.39	6.56	18.08
bD=1,0 bI=3,5 bS=3,5 bC=3,0	25.60	27.32	27.94	19.14	4.48	5.15	6.97	7.76	18.23
bD=1,0 bI=4,5 bS=3,5 bC=2,0	23.52	26.11	28.95	21.42	5.68	5.04	7.58	7.33	18.26
bD=2,0 bI=4,5 bS=2,5 bC=3,0	27.47	26.37	28.32	17.83	3.96	4.76	4.33	8.49	18.28
bD=2,0 bI=2,5 bS=3,5 bC=3,0	24.21	26.72	28.22	20.85	4.12	4.55	4.44	5.58	18.41
bD=1,5 bI=2,5 bS=3,5 bC=2,0	27.64	25.50	28.54	18.31	3.43	4.05	6.08	7.06	18.47
bD=1,5 bI=4,5 bS=2,5 bC=3,0	25.65	27.23	27.59	19.53	3.41	4.05	4.87	6.18	18.48
bD=2,0 bI=3,5 bS=4,5 bC=2,0	23.92	26.00	28.60	21.48	2.53	3.04	6.45	6.24	18.48
bD=2,0 bI=2,5 bS=4,5 bC=3,0	28.06	25.14	28.48	18.32	4.24	3.50	6.81	8.37	18.63
bD=1,5 bI=3,5 bS=3,5 bC=3,0	27.31	26.58	27.60	18.51	4.44	5.28	6.54	8.77	18.64
bD=1,0 bI=2,5 bS=2,5 bC=2,0	26.09	24.96	28.38	20.58	4.08	4.92	6.75	7.37	18.85
bD=1,5 bI=4,5 bS=4,5 bC=2,0	25.46	26.44	27.47	20.63	2.83	3.55	6.84	6.47	18.87
bD=2,0 bI=4,5 bS=2,5 bC=2,0	25.24	25.32	28.16	21.29	4.63	2.24	5.51	7.17	18.91
bD=1,5 bI=2,5 bS=2,5 bC=3,0	25.78	26.59	27.15	20.49	3.54	4.40	7.09	6.89	18.99
bD=2,0 bI=3,5 bS=2,5 bC=2,0	26.42	24.57	28.19	20.82	5.52	3.42	4.57	6.87	19.10
bD=1,0 bI=3,5 bS=4,5 bC=2,0	25.07	25.15	27.97	21.81	3.20	3.80	5.52	6.03	19.11
bD=2,0 bI=4,5 bS=4,5 bC=3,0	24.34	25.71	27.68	22.27	4.24	3.36	5.17	7.00	19.14
bD=1,0 bI=4,5 bS=2,5 bC=2,0	24.12	27.00	26.88	22.00	2.80	4.16	6.52	7.55	19.15
bD=2,0 bI=3,5 bS=3,5 bC=2,0	26.63	24.98	27.76	20.64	3.37	4.36	5.89	7.41	19.19
bD=1,5 bI=3,5 bS=3,5 bC=2,0	25.41	23.83	28.60	22.17	4.58	4.30	9.00	8.37	19.25
bD=2,0 bI=2,5 bS=2,5 bC=2,0	27.17	24.19	28.10	20.54	6.26	3.63	6.29	8.18	19.26
bD=1,0 bI=4,5 bS=3,5 bC=3,0	26.17	24.13	28.20	21.50	4.56	4.39	8.46	8.08	19.30
bD=1,0 bI=3,5 bS=2,5 bC=2,0	24.11	26.31	27.04	22.54	3.73	4.21	5.49	7.62	19.33
bD=2,0 bI=4,5 bS=3,5 bC=3,0	26.16	26.56	26.55	20.72	4.71	4.09	6.09	7.05	19.35
bD=1,5 bI=2,5 bS=4,5 bC=3,0	25.38	24.27	27.98	22.37	3.84	3.20	5.87	7.40	19.44
bD=2,0 bI=2,5 bS=2,5 bC=3,0	27.36	25.93	26.64	20.06	5.54	4.87	6.36	7.00	19.46
bD=1,0 bI=4,5 bS=2,5 bC=3,0	24.18	27.88	25.63	22.32	3.79	3.25	5.71	6.82	19.62
bD=1,5 bI=3,5 bS=4,5 bC=3,0	25.46	25.75	26.44	22.35	4.32	4.51	4.21	4.81	19.79
bD=1,5 bI=2,5 bS=4,5 bC=2,0	27.41	25.82	25.71	21.06	3.77	2.99	3.69	4.61	20.07
bD=1,5 bI=2,5 bS=2,5 bC=2,0	25.70	25.61	25.53	23.16	4.51	4.27	3.92	5.41	20.40
bD=1,0 bI=2,5 bS=2,5 bC=3,0	26.20	25.52	25.36	22.92	4.31	3.81	2.41	3.48	20.50
bD=1,0 bI=3,5 bS=2,5 bC=3,0	26.50	23.64	25.15	24.71	3.96	3.81	5.06	4.77	21.37
bD=1,0 bI=3,5 bS=3,5 bC=2,0	25.50	24.61	24.39	25.50	3.20	3.79	3.44	4.90	21.56
