Id mạng	Số node	Số cạnh	Kcore	Tỉ lệ D trong lõi kcore trong cùng	Tỉ lệ I trong lõi kcore trong cùng	Tỉ lệ C trong lõi kcore trong cùng	Tỉ lệ S trong lõi kcore trong cùng
1	178	11855	115	0.2151	0.2500	0.2384	0.2965
2	186	6877	52	0.2622	0.2256	0.2073	0.3049
3	110	4572	70	0.2727	0.2000	0.2636	0.2636
4	158	7783	80	0.2194	0.2710	0.2323	0.2774
5	174	11315	114	0.2890	0.2370	0.2543	0.2197
6	150	4554	44	0.2920	0.2555	0.2117	0.2409
7	154	9873	114	0.2185	0.3113	0.2517	0.2185
8	171	5876	48	0.2803	0.2197	0.1742	0.3258
9	114	4905	73	0.2613	0.2793	0.1892	0.2703
10	135	7621	100	0.2077	0.3154	0.2846	0.1923
11	142	3967	40	0.2692	0.3077	0.2000	0.2231
12	190	3893	30	0.1494	0.2644	0.0460	0.5402
13	100	3735	63	0.2234	0.2021	0.2340	0.3404
14	116	5696	88	0.3043	0.2435	0.2435	0.2087
15	184	12544	117	0.2320	0.2099	0.3094	0.2486
16	116	2942	35	0.2364	0.2545	0.2455	0.2636
17	143	4366	43	0.2769	0.2846	0.1923	0.2462
18	124	1921	21	0.2500	0.1786	0.0893	0.4821
19	128	3434	39	0.2021	0.2021	0.2128	0.3830
20	142	8360	105	0.2388	0.2910	0.2985	0.1716
21	141	4320	45	0.2966	0.2034	0.1864	0.3136
22	187	3583	27	0.1538	0.1978	0.1099	0.5385
23	186	14387	138	0.2333	0.2833	0.2722	0.2111
24	129	3615	39	0.2255	0.2059	0.1863	0.3824
25	135	3895	41	0.2727	0.2893	0.1983	0.2397
26	199	8091	57	0.2751	0.2593	0.2275	0.2381
27	162	10986	121	0.1975	0.2548	0.3121	0.2357
28	102	3342	52	0.2421	0.3684	0.2105	0.1789
29	192	3990	28	0.2400	0.2720	0.0560	0.4320
30	120	5357	77	0.2586	0.2500	0.2500	0.2414
31	139	4289	44	0.2696	0.2000	0.1304	0.4000
32	178	13238	134	0.2386	0.2273	0.3011	0.2330
33	163	8259	82	0.2162	0.1892	0.2635	0.3311
34	169	5766	48	0.2745	0.2288	0.1961	0.3007
35	192	7809	57	0.2147	0.2699	0.1840	0.3313
36	195	7197	51	0.2469	0.2716	0.2099	0.2716
37	200	8282	60	0.2606	0.2485	0.1818	0.3091
38	189	3529	25	0.2269	0.3109	0.1261	0.3361
39	190	10833	92	0.2678	0.2623	0.2077	0.2623
40	193	10852	92	0.2703	0.3135	0.2000	0.2162
41	200	3898	27	0.2041	0.2755	0.0510	0.4694
42	178	3245	28	0.1951	0.1829	0.0488	0.5732
43	197	14322	124	0.2579	0.2158	0.2632	0.2632
44	139	8063	105	0.2774	0.2044	0.2847	0.2336
45	125	6649	95	0.2880	0.2480	0.2160	0.2480
46	152	7062	76	0.2013	0.3087	0.2550	0.2349
47	152	5047	46	0.2222	0.3111	0.1926	0.2741
48	120	3209	38	0.2692	0.2885	0.1442	0.2981
49	142	2267	21	0.2533	0.1733	0.0800	0.4933
50	164	2841	24	0.1707	0.2073	0.1585	0.4634
51	152	4652	43	0.3083	0.2256	0.2105	0.2556
52	190	13397	121	0.2865	0.2865	0.2108	0.2162
53	192	7488	55	0.1622	0.2770	0.1486	0.4122
54	169	10623	111	0.2575	0.2455	0.2754	0.2216
55	200	11975	98	0.2618	0.2618	0.2513	0.2251
56	151	2694	25	0.2621	0.3107	0.0680	0.3592
57	102	3305	51	0.3011	0.2581	0.2258	0.2151
58	133	6766	86	0.2672	0.2672	0.2290	0.2366
59	193	4624	33	0.2421	0.1368	0.0316	0.5895
60	109	4942	80	0.2523	0.2523	0.2897	0.2056
61	193	11199	96	0.2077	0.3279	0.2022	0.2623
62	121	1819	20	0.2133	0.2667	0.1200	0.4000
63	172	11012	109	0.2970	0.2303	0.2061	0.2667
64	168	11868	127	0.2744	0.2439	0.2134	0.2683
65	188	10622	92	0.3279	0.2514	0.2678	0.1530
66	101	1412	20	0.2000	0.2333	0.1000	0.4667
67	200	8053	57	0.2682	0.2179	0.2291	0.2849
68	116	1617	19	0.2424	0.1515	0.1212	0.4848
69	152	8511	96	0.2192	0.3219	0.2466	0.2123
70	146	4568	44	0.2222	0.3333	0.1825	0.2619
71	188	14802	144	0.2287	0.2128	0.2713	0.2872
72	146	4412	42	0.2385	0.2923	0.2308	0.2385
73	145	7892	95	0.2958	0.2254	0.2324	0.2465
74	158	9346	104	0.2611	0.2357	0.2357	0.2675
75	106	4731	78	0.2762	0.2381	0.2095	0.2762
76	157	10421	120	0.2792	0.2597	0.2532	0.2078
77	153	8558	93	0.2552	0.2345	0.2345	0.2759
78	190	6622	49	0.2545	0.2848	0.2303	0.2303
79	179	3285	25	0.2404	0.2981	0.1154	0.3462
80	117	5243	75	0.2564	0.2222	0.2821	0.2393
81	161	4991	44	0.2829	0.2829	0.2368	0.1974
82	164	11279	123	0.2562	0.2250	0.2375	0.2812
83	116	1542	18	0.1757	0.3243	0.1081	0.3919
84	111	4655	71	0.2364	0.2091	0.3455	0.2091
85	141	7547	92	0.2847	0.2482	0.2555	0.2117
86	167	10393	107	0.2561	0.1829	0.2927	0.2683
87	111	5122	82	0.2453	0.3302	0.1981	0.2264
88	110	5032	80	0.2430	0.2430	0.2430	0.2710
89	158	9208	100	0.2026	0.2092	0.2680	0.3203
90	148	9145	111	0.2517	0.2587	0.2378	0.2517
91	109	1402	17	0.3099	0.2817	0.0845	0.3239
92	140	4310	43	0.2149	0.2893	0.2149	0.2810
93	155	3068	28	0.1646	0.2025	0.0759	0.5570
94	188	13008	120	0.2320	0.2597	0.2320	0.2762
95	152	7017	76	0.2766	0.2270	0.1844	0.3121
96	128	5049	63	0.2460	0.3571	0.1905	0.2063
97	182	3409	24	0.2479	0.2308	0.1282	0.3932
98	166	8372	83	0.2500	0.2437	0.2188	0.2875
99	147	8073	93	0.2168	0.2448	0.3077	0.2308
100	190	13364	122	0.2350	0.2404	0.2951	0.2295
101	157	10154	114	0.2680	0.2745	0.1961	0.2614
102	153	9635	112	0.2171	0.2697	0.2632	0.2500
103	174	9113	84	0.2561	0.1890	0.2439	0.3110
104	193	15543	146	0.1915	0.2500	0.2872	0.2713
105	194	4203	30	0.1681	0.3193	0.0588	0.4538
106	138	2165	20	0.2812	0.3021	0.0833	0.3333
107	141	8355	106	0.3015	0.2132	0.2353	0.2500
108	150	8407	96	0.2414	0.2483	0.2414	0.2690
109	192	15418	144	0.2246	0.2460	0.2674	0.2620
110	177	3863	30	0.2400	0.1700	0.1600	0.4300
111	129	7016	97	0.1984	0.2857	0.2937	0.2222
112	163	9937	104	0.2778	0.2099	0.2346	0.2778
113	119	3073	36	0.2404	0.3077	0.2308	0.2212
114	176	11356	111	0.2059	0.2647	0.2353	0.2941
115	160	5344	48	0.2878	0.2374	0.1799	0.2950
116	155	4762	43	0.2449	0.2585	0.2585	0.2381
117	127	6883	98	0.2810	0.2479	0.2066	0.2645
118	168	11849	128	0.2727	0.1576	0.2909	0.2788
119	170	2974	24	0.1977	0.2442	0.0930	0.4651
120	157	9106	98	0.2564	0.2564	0.2692	0.2179
121	195	11195	94	0.2461	0.2461	0.2356	0.2723
122	139	5991	70	0.2263	0.3285	0.2409	0.2044
123	199	7749	55	0.2601	0.2486	0.2023	0.2890
124	155	4937	45	0.3178	0.2403	0.1860	0.2558
125	149	4767	45	0.2681	0.2681	0.1957	0.2681
126	185	3769	28	0.3211	0.1651	0.0826	0.4312
127	176	6545	53	0.2394	0.2042	0.2042	0.3521
128	137	3898	39	0.2636	0.2182	0.2273	0.2909
129	184	14093	138	0.2857	0.2637	0.2692	0.1813
130	159	10601	120	0.2756	0.2564	0.1923	0.2756
131	136	6964	91	0.2707	0.2256	0.2632	0.2406
132	181	6556	50	0.2453	0.2327	0.2075	0.3145
133	113	1837	22	0.2742	0.1452	0.1129	0.4677
134	167	10355	108	0.2236	0.2609	0.2609	0.2547
135	130	2329	25	0.2073	0.2195	0.0732	0.5000
136	146	8904	108	0.2361	0.3056	0.1806	0.2778
137	145	8817	108	0.3103	0.2690	0.2207	0.2000
138	115	4174	59	0.2336	0.2243	0.2523	0.2897
139	191	10692	91	0.2228	0.2446	0.2717	0.2609
140	133	6684	85	0.3000	0.2385	0.2154	0.2462
141	134	3835	40	0.2500	0.2065	0.1196	0.4239
142	191	13487	121	0.2446	0.2717	0.2228	0.2609
143	192	3850	29	0.2347	0.2143	0.0714	0.4796
144	150	2514	24	0.1857	0.2143	0.0714	0.5286
145	175	9378	87	0.3179	0.1908	0.2254	0.2659
146	134	5624	69	0.3308	0.2180	0.2707	0.1805
147	103	2255	32	0.3494	0.2651	0.1687	0.2169
148	136	4314	46	0.2314	0.1983	0.2066	0.3636
149	189	13220	122	0.2802	0.2527	0.2143	0.2527
150	182	12330	118	0.2416	0.2416	0.1966	0.3202
151	124	4914	64	0.2773	0.1681	0.2017	0.3529
152	197	8122	59	0.2629	0.3029	0.2057	0.2286
153	151	4511	41	0.2797	0.2034	0.1610	0.3559
154	175	3108	26	0.1957	0.1630	0.1087	0.5326
155	101	2264	32	0.2778	0.1889	0.2778	0.2556
156	152	7183	76	0.1905	0.2653	0.2721	0.2721
157	167	6064	52	0.2555	0.1752	0.1971	0.3723
158	105	4681	80	0.1923	0.2115	0.2788	0.3173
159	112	3962	56	0.2963	0.2593	0.1852	0.2593
160	178	6595	52	0.2708	0.2361	0.1319	0.3611
161	159	9392	100	0.2026	0.2222	0.3137	0.2614
162	149	6771	74	0.3262	0.2908	0.1348	0.2482
163	119	3237	39	0.2174	0.2957	0.2522	0.2348
164	174	12518	130	0.2882	0.2118	0.2294	0.2706
165	199	3560	26	0.1979	0.2812	0.0625	0.4583
166	189	6897	52	0.2372	0.2949	0.1859	0.2821
167	198	4094	29	0.1667	0.2333	0.0333	0.5667
168	127	6796	95	0.2937	0.2381	0.2381	0.2302
169	179	3333	26	0.2551	0.2245	0.1020	0.4184
170	152	8740	99	0.2466	0.2945	0.2671	0.1918
171	115	5558	84	0.2389	0.2743	0.2566	0.2301
172	193	7159	53	0.2941	0.2647	0.1882	0.2529
173	138	5907	67	0.2672	0.2519	0.2595	0.2214
174	123	6384	93	0.3033	0.2131	0.2131	0.2705
175	184	10000	88	0.2346	0.2514	0.2291	0.2849
176	184	10140	90	0.2389	0.2556	0.2500	0.2556
177	104	3396	51	0.2451	0.2353	0.2549	0.2647
178	175	6486	51	0.2516	0.2645	0.2000	0.2839
179	173	5943	49	0.2901	0.2593	0.1605	0.2901
180	100	4192	73	0.2551	0.2245	0.2755	0.2449
181	133	2036	20	0.2674	0.2791	0.0581	0.3953
182	184	10294	90	0.2629	0.2743	0.2629	0.2000
183	139	7219	88	0.1912	0.2647	0.2721	0.2721
184	193	11113	92	0.2541	0.2486	0.2376	0.2597
185	157	9088	102	0.2763	0.2566	0.1645	0.3026
186	181	9506	84	0.2647	0.2765	0.2118	0.2471
187	154	9939	114	0.1946	0.2349	0.2953	0.2752
188	158	5292	48	0.2606	0.2324	0.1831	0.3239
189	185	12737	118	0.2253	0.2363	0.2418	0.2967
190	144	6116	69	0.3556	0.2222	0.1778	0.2444
191	124	1790	19	0.2444	0.3778	0.1111	0.2667
192	188	13063	122	0.2842	0.2295	0.1967	0.2896
193	159	9534	105	0.2258	0.2968	0.2194	0.2581
194	120	4449	62	0.2957	0.2000	0.2522	0.2522
195	126	2100	22	0.2683	0.2561	0.1098	0.3659
196	184	2975	22	0.1282	0.2436	0.0128	0.6154
197	133	5483	67	0.2727	0.2231	0.1736	0.3306
198	121	5516	79	0.2650	0.3162	0.2051	0.2137
199	199	14831	129	0.2347	0.2551	0.2500	0.2602
200	191	4395	31	0.3017	0.2155	0.1034	0.3793
201	145	7985	95	0.2199	0.2411	0.2908	0.2482
202	168	10578	108	0.2485	0.2121	0.2909	0.2485
203	184	14166	138	0.2802	0.2857	0.2088	0.2253
204	173	12546	128	0.2308	0.2308	0.3195	0.2189
205	171	12146	125	0.2381	0.2798	0.2202	0.2619
206	145	2548	25	0.2388	0.2239	0.0597	0.4776
207	146	8058	96	0.2431	0.2708	0.2153	0.2708
208	131	3714	40	0.2320	0.2000	0.2640	0.3040
209	160	3009	25	0.2917	0.2292	0.1146	0.3646
210	105	4175	66	0.2772	0.2277	0.2277	0.2673
211	164	8195	81	0.1835	0.2658	0.2405	0.3101
212	120	6028	89	0.2632	0.2632	0.2456	0.2281
213	138	3971	42	0.3333	0.2991	0.1709	0.1966
214	143	6385	73	0.1857	0.2357	0.3000	0.2786
215	150	8451	96	0.2966	0.2483	0.2207	0.2345
216	105	4175	66	0.2718	0.2621	0.2816	0.1845
217	173	8770	81	0.2485	0.2909	0.2182	0.2424
218	104	4084	64	0.2245	0.3061	0.2041	0.2653
219	149	9360	112	0.2109	0.2449	0.2585	0.2857
220	172	6101	50	0.3052	0.2403	0.2143	0.2403
221	128	2151	22	0.2875	0.2750	0.1000	0.3375
222	110	1506	19	0.2329	0.3151	0.1507	0.3014
223	200	14854	131	0.2741	0.2741	0.2183	0.2335
224	112	4004	58	0.2453	0.2264	0.1698	0.3585
225	185	10236	90	0.2400	0.2514	0.2286	0.2800
226	106	1272	16	0.3623	0.2174	0.0725	0.3478
227	188	3459	25	0.2170	0.3208	0.0943	0.3679
228	115	2826	35	0.2283	0.3370	0.1957	0.2391
229	161	9724	106	0.2500	0.2692	0.2179	0.2628
230	161	7760	77	0.1709	0.2089	0.3228	0.2975
231	133	6650	85	0.2154	0.1462	0.3154	0.3231
232	156	5315	49	0.3333	0.2815	0.1259	0.2593
233	112	2781	35	0.1869	0.2897	0.2523	0.2710
234	108	4360	69	0.3077	0.2019	0.2308	0.2596
235	147	9041	111	0.2431	0.2431	0.2292	0.2847
236	101	4323	76	0.1837	0.2551	0.3163	0.2449
237	161	2663	24	0.1800	0.3400	0.0800	0.4000
238	119	3272	39	0.2696	0.2783	0.2000	0.2522
239	160	10717	121	0.3052	0.2532	0.2143	0.2273
240	187	9993	86	0.2472	0.2640	0.2528	0.2360
241	174	9074	84	0.3041	0.2573	0.2632	0.1754
242	102	1448	19	0.3220	0.1525	0.0508	0.4746
243	176	3029	24	0.2877	0.1507	0.0548	0.5068
244	119	3258	39	0.3028	0.2385	0.1927	0.2661
245	139	4313	45	0.2397	0.2810	0.1983	0.2810
246	114	5530	86	0.2632	0.2281	0.2632	0.2456
247	159	7599	74	0.2857	0.2789	0.2245	0.2109
248	128	6266	85	0.2756	0.1654	0.2913	0.2677
249	195	15931	149	0.2435	0.2850	0.2383	0.2332
250	162	10980	121	0.2625	0.2750	0.2062	0.2562
251	130	3765	42	0.2970	0.2277	0.1683	0.3069
252	168	10477	108	0.2874	0.2096	0.2335	0.2695
253	128	5131	64	0.2742	0.2419	0.2419	0.2419
254	181	9837	87	0.2267	0.2442	0.2500	0.2791
255	198	7440	53	0.3125	0.2443	0.2159	0.2273
256	130	2117	22	0.1772	0.2405	0.0886	0.4937
257	107	2551	35	0.2340	0.2021	0.2553	0.3085
258	165	11433	125	0.2767	0.2767	0.2453	0.2013
259	101	3324	53	0.2500	0.2604	0.2396	0.2500
260	175	11521	114	0.2486	0.2543	0.2312	0.2659
261	112	2966	39	0.3093	0.2887	0.1649	0.2371
262	161	10890	122	0.2579	0.2453	0.3019	0.1950
263	183	10041	89	0.2832	0.2312	0.1965	0.2890
264	145	4409	44	0.2542	0.2373	0.1864	0.3220
265	187	10205	88	0.2235	0.3128	0.2123	0.2514
266	131	5272	65	0.2951	0.2049	0.2705	0.2295
267	142	8470	108	0.3050	0.2128	0.2057	0.2766
268	188	3964	29	0.2462	0.2923	0.0923	0.3692
269	151	9592	115	0.2752	0.2550	0.2148	0.2550
270	147	4928	47	0.2553	0.2411	0.2270	0.2766
271	161	5365	45	0.2431	0.2222	0.2500	0.2847
272	138	8055	105	0.2263	0.2117	0.2847	0.2774
273	131	3781	40	0.2437	0.2521	0.2017	0.3025
274	173	8909	84	0.1887	0.3019	0.2516	0.2579
275	105	1528	20	0.2933	0.2000	0.1733	0.3333
276	109	1475	19	0.2029	0.2899	0.0870	0.4203
277	181	6811	53	0.3200	0.2467	0.1600	0.2733
278	156	8976	99	0.2583	0.2384	0.2649	0.2384
279	172	5919	49	0.2297	0.2432	0.2432	0.2838
280	192	15210	140	0.2000	0.2737	0.2684	0.2579
281	200	16707	149	0.2589	0.2843	0.1980	0.2589
282	175	11303	112	0.2241	0.2644	0.2471	0.2644
283	125	5853	79	0.2033	0.3008	0.2764	0.2195
284	111	2709	35	0.2019	0.3173	0.2212	0.2596
285	139	2289	23	0.2468	0.2727	0.0519	0.4286
286	190	15149	142	0.2258	0.2366	0.2849	0.2527
287	106	4219	68	0.2000	0.3500	0.2500	0.2000
288	153	8763	100	0.2763	0.2368	0.2500	0.2368
289	174	9423	88	0.2941	0.2000	0.3000	0.2059
290	124	5728	78	0.2333	0.2250	0.2583	0.2833
291	148	9349	116	0.2381	0.3469	0.2313	0.1837
292	157	10356	118	0.2400	0.2800	0.2533	0.2267
293	187	3611	27	0.2396	0.2604	0.0417	0.4583
294	156	10154	116	0.2800	0.2533	0.1667	0.3000
295	130	2085	22	0.2410	0.2771	0.0964	0.3855
296	121	3017	35	0.2347	0.3265	0.2551	0.1837
297	133	5345	64	0.2302	0.2540	0.2540	0.2619
298	129	2049	23	0.1897	0.2241	0.0345	0.5517
299	124	3317	38	0.2500	0.2407	0.1667	0.3426
300	196	7543	55	0.2360	0.3090	0.2135	0.2416
301	191	7444	55	0.2169	0.2651	0.2229	0.2952
302	138	3954	41	0.2564	0.2821	0.2222	0.2393
303	115	2922	35	0.2830	0.2547	0.1698	0.2925
304	136	6854	87	0.2910	0.2313	0.2388	0.2388
305	171	5756	47	0.2098	0.2308	0.2867	0.2727
306	109	3765	57	0.2315	0.2593	0.2037	0.3056
307	129	4974	60	0.2460	0.2381	0.2540	0.2619
308	192	15403	144	0.2032	0.2888	0.2246	0.2834
309	129	6344	83	0.2656	0.2500	0.2266	0.2578
310	172	3052	26	0.1000	0.2375	0.0875	0.5750
311	142	2290	21	0.2785	0.2152	0.1266	0.3797
312	130	6439	85	0.2868	0.2403	0.2558	0.2171
313	106	1351	16	0.3067	0.2800	0.1067	0.3067
314	181	11919	115	0.2931	0.2184	0.2701	0.2184
315	136	7819	101	0.2388	0.2910	0.2537	0.2164
316	161	2882	25	0.1266	0.1899	0.0633	0.6203
317	149	4643	43	0.2782	0.2331	0.1880	0.3008
318	113	4111	58	0.2336	0.2150	0.2430	0.3084
319	168	5665	47	0.2877	0.2808	0.1644	0.2671
320	167	5803	50	0.3056	0.2361	0.1667	0.2917
321	161	7838	78	0.2384	0.2384	0.2583	0.2649
322	186	7133	54	0.2727	0.2303	0.2000	0.2970
323	167	3489	28	0.2742	0.3065	0.1129	0.3065
324	114	1908	23	0.1781	0.2329	0.1370	0.4521
325	122	6270	92	0.2833	0.1667	0.2083	0.3417
326	189	10984	93	0.2775	0.2081	0.2139	0.3006
327	167	10428	108	0.2454	0.1840	0.2086	0.3620
328	189	15102	145	0.2541	0.2432	0.2270	0.2757
329	130	7001	94	0.2656	0.3047	0.2578	0.1719
330	191	15299	144	0.2593	0.1905	0.2487	0.3016
331	149	2920	27	0.2989	0.2529	0.0805	0.3678
332	125	4978	64	0.2927	0.2439	0.2033	0.2602
333	109	4527	71	0.2762	0.2095	0.2667	0.2476
334	197	11582	96	0.2618	0.2723	0.2147	0.2513
335	115	1525	19	0.2708	0.1250	0.0417	0.5625
336	113	2792	35	0.3077	0.2527	0.1648	0.2747
337	178	13273	135	0.2260	0.2486	0.2599	0.2655
338	160	7770	75	0.2581	0.2065	0.2258	0.3097
339	161	9688	104	0.2468	0.2342	0.2468	0.2722
340	116	1607	19	0.2419	0.2742	0.0968	0.3871
341	161	2958	26	0.1014	0.2464	0.0435	0.6087
342	167	8439	83	0.2125	0.2750	0.2625	0.2500
343	140	7158	86	0.2754	0.2681	0.2246	0.2319
344	132	6564	85	0.2366	0.2672	0.2748	0.2214
345	117	1745	20	0.2651	0.1687	0.1928	0.3735
346	148	4815	48	0.1832	0.3435	0.1985	0.2748
347	116	5106	76	0.2456	0.2632	0.2456	0.2456
348	162	9629	102	0.2517	0.2848	0.2384	0.2252
349	124	4776	62	0.2455	0.2364	0.2455	0.2727
350	102	2276	32	0.2842	0.2211	0.2211	0.2737
351	200	4377	31	0.1748	0.1942	0.0291	0.6019
352	104	4537	77	0.3529	0.2647	0.1569	0.2255
353	156	7317	76	0.2908	0.2766	0.2340	0.1986
354	165	10245	106	0.2062	0.2938	0.2500	0.2500
355	189	6987	51	0.2346	0.2778	0.1605	0.3272
356	151	4743	44	0.3475	0.2766	0.2340	0.1418
357	180	13401	134	0.2333	0.2833	0.2556	0.2278
358	104	3469	51	0.2551	0.2449	0.2347	0.2653
359	124	6432	91	0.2602	0.2683	0.2114	0.2602
360	142	8472	107	0.2071	0.2143	0.2857	0.2929
361	164	11236	124	0.2595	0.2595	0.2595	0.2215
362	143	7661	92	0.2246	0.2464	0.2826	0.2464
363	129	6102	80	0.2302	0.1429	0.3492	0.2778
364	145	2405	22	0.1935	0.3011	0.1290	0.3763
365	137	4100	43	0.2951	0.2705	0.2049	0.2295
366	150	6885	73	0.2324	0.2324	0.2465	0.2887
367	148	9106	111	0.2153	0.1944	0.3194	0.2708
368	180	6788	53	0.2050	0.2422	0.2360	0.3168
369	126	4963	63	0.2377	0.2459	0.2623	0.2541
370	187	3863	29	0.1633	0.2449	0.1122	0.4796
371	182	13732	136	0.3182	0.2500	0.2273	0.2045
372	152	8663	96	0.3087	0.2617	0.1342	0.2953
373	160	5730	51	0.2653	0.2313	0.2449	0.2585
374	200	16668	152	0.2806	0.2602	0.2347	0.2245
375	164	8050	78	0.2293	0.2611	0.2739	0.2357
376	190	6781	49	0.2814	0.2156	0.2635	0.2395
377	101	3331	52	0.3000	0.2300	0.1700	0.3000
378	153	7235	76	0.2766	0.2340	0.2057	0.2837
379	152	4819	44	0.2240	0.2560	0.2080	0.3120
380	109	4544	71	0.2476	0.2476	0.2381	0.2667
381	112	1435	18	0.2000	0.3077	0.0769	0.4154
382	178	11810	116	0.2176	0.2353	0.2765	0.2706
383	147	2420	23	0.2133	0.1600	0.0933	0.5333
384	136	3801	39	0.2437	0.3109	0.1933	0.2521
385	129	3753	42	0.2281	0.3158	0.1404	0.3158
386	107	1358	17	0.2687	0.2836	0.1343	0.3134
387	150	2619	24	0.1905	0.2619	0.0952	0.4524
388	119	3234	39	0.2143	0.2245	0.1837	0.3776
389	168	11919	126	0.2500	0.2988	0.1951	0.2561
390	129	5137	63	0.3033	0.2131	0.2213	0.2623
391	142	2296	23	0.2121	0.2273	0.0606	0.5000
392	152	4926	46	0.2569	0.3194	0.2014	0.2222
393	146	8915	108	0.2000	0.2276	0.3103	0.2621
394	170	6013	50	0.2956	0.2453	0.1950	0.2642
395	125	3441	39	0.2453	0.2453	0.1887	0.3208
396	180	11829	115	0.2841	0.2443	0.2216	0.2500
397	192	4040	31	0.1667	0.2396	0.0938	0.5000
398	193	13892	124	0.2796	0.2634	0.2366	0.2204
399	138	7992	102	0.2481	0.3008	0.2256	0.2256
400	179	6974	56	0.2500	0.2115	0.1987	0.3397
401	150	8327	94	0.3034	0.2207	0.2552	0.2207
402	125	4710	62	0.2797	0.2203	0.2034	0.2966
403	121	5549	80	0.3109	0.2857	0.1513	0.2521
404	164	5419	46	0.2039	0.2829	0.2632	0.2500
405	177	9277	84	0.3072	0.2048	0.1807	0.3072
406	109	2653	34	0.3667	0.1778	0.2444	0.2111
407	153	8681	99	0.2260	0.2397	0.2740	0.2603
408	143	8523	106	0.2429	0.2500	0.2429	0.2643
409	100	2229	31	0.2667	0.2333	0.1667	0.3333
410	104	4082	67	0.2233	0.2718	0.3010	0.2039
411	137	2253	23	0.2466	0.2603	0.0822	0.4110
412	137	5822	69	0.2197	0.2500	0.2879	0.2424
413	131	5361	66	0.2276	0.2195	0.2276	0.3252
414	143	2331	22	0.2418	0.2418	0.1099	0.4066
415	176	12874	133	0.2339	0.2456	0.2632	0.2573
416	106	1595	22	0.1373	0.2549	0.1176	0.4902
417	135	2180	22	0.2209	0.2907	0.0930	0.3953
418	118	5918	88	0.2414	0.2069	0.2931	0.2586
419	142	2188	22	0.2989	0.2529	0.1149	0.3333
420	100	3132	48	0.3229	0.2396	0.2188	0.2188
421	115	5011	74	0.2478	0.2655	0.2920	0.1947
422	145	7982	93	0.2734	0.2014	0.2950	0.2302
423	104	3995	64	0.2755	0.2245	0.1837	0.3163
424	111	2511	31	0.2247	0.2921	0.2360	0.2472
425	157	10285	115	0.2303	0.2895	0.2697	0.2105
426	197	7735	55	0.2541	0.2099	0.2541	0.2818
427	159	7647	78	0.2397	0.2808	0.2603	0.2192
428	140	3888	40	0.3058	0.1983	0.2066	0.2893
429	182	6648	52	0.2148	0.2685	0.1477	0.3691
430	126	1969	22	0.2250	0.2250	0.1125	0.4375
431	108	4949	81	0.2745	0.1667	0.2353	0.3235
432	196	15972	148	0.2448	0.2865	0.2188	0.2500
433	109	4515	71	0.2019	0.2981	0.2308	0.2692
434	198	14543	127	0.3010	0.2194	0.2398	0.2398
435	196	11353	94	0.2011	0.2500	0.2935	0.2554
436	198	14535	127	0.2181	0.3138	0.2128	0.2553
437	137	3884	41	0.2500	0.2583	0.2583	0.2333
438	196	4042	28	0.2020	0.2626	0.0606	0.4747
439	163	8024	81	0.2244	0.2564	0.2564	0.2628
440	197	8116	59	0.2400	0.3200	0.1657	0.2743
441	190	14926	141	0.2632	0.1737	0.2789	0.2842
442	199	14778	131	0.2060	0.2563	0.2764	0.2613
443	160	7836	79	0.2258	0.2903	0.2387	0.2452
444	135	3769	40	0.1942	0.3786	0.1456	0.2816
445	193	4404	34	0.1373	0.2549	0.0490	0.5588
446	195	7010	49	0.2286	0.2571	0.2286	0.2857
447	163	9900	106	0.2654	0.2654	0.2840	0.1852
448	138	7957	100	0.1985	0.2279	0.2500	0.3235
449	117	4354	61	0.2411	0.2500	0.2679	0.2411
450	167	8348	81	0.2229	0.3121	0.2293	0.2357
451	123	3299	38	0.2110	0.2569	0.2110	0.3211
452	128	1890	21	0.1852	0.2407	0.0741	0.5000
453	147	8308	98	0.2391	0.3333	0.2029	0.2246
454	106	1396	18	0.2131	0.2459	0.1148	0.4262
455	104	2532	34	0.2674	0.2558	0.1744	0.3023
456	121	4717	64	0.3109	0.2857	0.1765	0.2269
457	100	2377	34	0.1702	0.2979	0.2021	0.3298
458	139	2428	24	0.1270	0.1905	0.0794	0.6032
459	197	4046	28	0.1810	0.2500	0.1034	0.4655
460	161	7744	78	0.2092	0.2157	0.2941	0.2810
461	187	6773	52	0.2275	0.2814	0.2335	0.2575
462	128	3554	39	0.2520	0.2439	0.2276	0.2764
463	172	12414	130	0.2398	0.2281	0.2924	0.2398
464	135	3780	40	0.3217	0.2522	0.2174	0.2087
465	110	1621	20	0.2034	0.2542	0.1017	0.4407
466	181	13697	137	0.2865	0.2079	0.2697	0.2360
467	169	3357	27	0.2273	0.3182	0.0727	0.3818
468	170	12099	128	0.2308	0.1953	0.2663	0.3077
469	136	5692	66	0.2093	0.2403	0.3101	0.2403
470	160	2936	25	0.2385	0.2569	0.1284	0.3761
471	132	7291	97	0.2061	0.2366	0.2595	0.2977
472	130	6283	83	0.2240	0.3040	0.1760	0.2960
473	166	5738	48	0.2434	0.3158	0.1645	0.2763
474	103	4015	67	0.3400	0.1900	0.2000	0.2700
475	127	1934	20	0.1818	0.2597	0.1169	0.4416
476	104	4578	78	0.2059	0.3137	0.2451	0.2353
477	136	7023	90	0.2313	0.2388	0.3060	0.2239
478	148	8155	93	0.2340	0.2695	0.2766	0.2199
479	151	6909	73	0.2690	0.2276	0.2759	0.2276
480	170	12139	130	0.2249	0.2485	0.2899	0.2367
481	128	5103	61	0.2302	0.2381	0.2540	0.2778
482	137	5775	68	0.2500	0.2578	0.2344	0.2578
483	101	3194	50	0.1667	0.2500	0.2292	0.3542
484	150	8377	96	0.2365	0.2635	0.2432	0.2568
485	129	5139	64	0.1707	0.2520	0.3333	0.2439
486	132	5459	66	0.2520	0.3386	0.1969	0.2126
487	140	8232	105	0.2889	0.2000	0.2815	0.2296
488	133	6660	88	0.2362	0.2835	0.2126	0.2677
489	178	11576	113	0.2717	0.2601	0.2197	0.2486
490	159	10689	121	0.2611	0.2484	0.2930	0.1975
491	191	7487	56	0.2333	0.2667	0.1533	0.3467
492	127	3617	41	0.2564	0.2564	0.1709	0.3162
493	108	3754	57	0.2095	0.2952	0.2000	0.2952
494	172	12264	128	0.2515	0.2339	0.2807	0.2339
495	171	12247	126	0.3155	0.1905	0.2381	0.2560
496	133	3802	39	0.2231	0.2314	0.2479	0.2975
497	102	4354	74	0.3093	0.1959	0.2268	0.2680
498	198	16327	148	0.2708	0.2604	0.2396	0.2292
499	100	2343	32	0.2927	0.2561	0.1341	0.3171
500	172	8805	82	0.2952	0.1988	0.2048	0.3012
501	184	14211	138	0.2787	0.2186	0.2459	0.2568
502	143	7665	91	0.2014	0.2302	0.3094	0.2590
503	191	4038	28	0.1887	0.2358	0.1321	0.4434
504	187	10429	88	0.3314	0.2686	0.1714	0.2286
505	156	7311	77	0.2752	0.2215	0.2886	0.2148
506	184	6692	52	0.2785	0.2722	0.1962	0.2532
507	194	13803	122	0.2263	0.2053	0.2737	0.2947
508	164	8057	80	0.2781	0.2318	0.2384	0.2517
509	103	2381	33	0.1596	0.2979	0.1915	0.3511
510	190	15148	142	0.3280	0.1746	0.1958	0.3016
511	165	8191	80	0.2436	0.2500	0.2115	0.2949
512	150	6927	76	0.2518	0.2014	0.2518	0.2950
513	175	9430	89	0.2346	0.2346	0.2407	0.2901
514	160	9831	108	0.2102	0.2420	0.2484	0.2994
515	179	13319	133	0.2809	0.2360	0.2191	0.2640
516	123	6304	90	0.2213	0.2705	0.3279	0.1803
517	149	2909	26	0.1961	0.3431	0.0686	0.3922
518	191	7444	54	0.2249	0.2840	0.1716	0.3195
519	185	3583	27	0.2062	0.2680	0.0825	0.4433
520	177	11741	114	0.2663	0.2130	0.2722	0.2485
521	164	11374	126	0.2561	0.2317	0.2378	0.2744
522	131	2110	22	0.2469	0.2716	0.0864	0.3951
523	174	12856	134	0.2674	0.2500	0.2326	0.2500
524	165	11390	124	0.2437	0.2875	0.2125	0.2562
525	151	9525	113	0.2838	0.2432	0.1959	0.2770
526	175	12902	130	0.3140	0.2151	0.2791	0.1919
527	124	5800	78	0.2114	0.2846	0.2520	0.2520
528	144	6218	71	0.2971	0.1449	0.3188	0.2391
529	184	6665	51	0.2364	0.2242	0.2727	0.2667
530	159	7882	80	0.2857	0.2662	0.1818	0.2662
531	178	2963	23	0.2037	0.2778	0.1574	0.3611
532	147	2506	24	0.3407	0.3297	0.0659	0.2637
533	147	6577	72	0.2986	0.2500	0.2847	0.1667
534	190	13486	124	0.2593	0.2646	0.2381	0.2381
535	157	5028	45	0.2256	0.2406	0.2256	0.3083
536	150	4590	43	0.2463	0.2164	0.2687	0.2687
537	176	12948	133	0.2456	0.2632	0.2222	0.2690
538	102	4055	67	0.2323	0.2727	0.2828	0.2121
539	123	3385	39	0.2727	0.1919	0.1616	0.3737
540	176	9185	85	0.2000	0.2500	0.2000	0.3500
541	116	1429	17	0.2208	0.3896	0.1558	0.2338
542	159	5610	51	0.2464	0.2609	0.1812	0.3116
543	188	3518	25	0.2640	0.3520	0.0800	0.3040
544	123	6391	95	0.2195	0.2764	0.2764	0.2276
545	193	10894	93	0.2541	0.2378	0.2270	0.2811
546	173	9099	85	0.2455	0.2575	0.2754	0.2216
547	152	4556	43	0.2920	0.3285	0.1825	0.1971
548	200	11932	97	0.2381	0.2328	0.2804	0.2487
549	140	6115	73	0.3308	0.2331	0.2030	0.2331
550	112	5245	82	0.1792	0.2547	0.3302	0.2358
551	138	7184	89	0.2707	0.2707	0.2331	0.2256
552	187	14530	140	0.2634	0.2258	0.2043	0.3065
553	145	4483	45	0.1750	0.2417	0.2167	0.3667
554	114	1780	22	0.2034	0.2203	0.1356	0.4407
555	177	13185	132	0.2471	0.2294	0.2235	0.3000
556	173	11256	113	0.2249	0.2249	0.3077	0.2426
557	128	1972	22	0.1948	0.3117	0.0779	0.4156
558	171	3200	25	0.2059	0.3039	0.0980	0.3922
559	124	1684	18	0.3514	0.1892	0.0676	0.3919
560	179	6883	56	0.2349	0.2349	0.1807	0.3494
561	178	6823	54	0.3230	0.1677	0.2050	0.3043
562	172	3615	28	0.2653	0.2449	0.0714	0.4184
563	157	5447	48	0.2143	0.2643	0.1857	0.3357
564	188	7120	53	0.3158	0.2707	0.1053	0.3083
565	200	7855	56	0.2921	0.2584	0.2303	0.2191
566	103	4499	77	0.1961	0.1961	0.2843	0.3235
567	144	7883	94	0.1942	0.2878	0.2878	0.2302
568	176	11657	116	0.2500	0.2976	0.2321	0.2202
569	184	14132	137	0.2570	0.2067	0.2514	0.2849
570	112	5252	84	0.2727	0.2545	0.2636	0.2091
571	173	12546	130	0.2209	0.2267	0.3081	0.2442
572	187	4108	30	0.2000	0.2667	0.0857	0.4476
573	196	11543	96	0.2917	0.2292	0.2448	0.2344
574	127	5014	62	0.3306	0.1935	0.1613	0.3145
575	111	4656	70	0.2130	0.2222	0.3148	0.2500
576	160	7758	77	0.2420	0.3057	0.2038	0.2484
577	105	2462	34	0.2551	0.1837	0.3265	0.2347
578	153	7157	77	0.2483	0.2685	0.2416	0.2416
579	173	9115	85	0.2635	0.1856	0.2635	0.2874
580	170	10838	112	0.2788	0.2061	0.2485	0.2667
581	173	3035	25	0.3061	0.2551	0.0918	0.3469
582	176	9257	85	0.2647	0.2059	0.2706	0.2588
583	135	5485	65	0.2031	0.2188	0.2812	0.2969
584	178	13271	135	0.2514	0.1829	0.2514	0.3143
585	171	10918	110	0.2485	0.2182	0.1879	0.3455
586	172	12379	130	0.3176	0.2294	0.2647	0.1882
587	160	9436	102	0.2941	0.2353	0.1830	0.2876
588	122	3213	37	0.3028	0.2110	0.2294	0.2569
589	185	14409	140	0.2582	0.2857	0.1923	0.2637
590	164	10058	106	0.2579	0.2075	0.2390	0.2956
591	114	1485	17	0.2267	0.2267	0.1733	0.3733
592	110	1657	20	0.2500	0.2778	0.0556	0.4167
593	134	3935	42	0.2231	0.2615	0.2308	0.2846
594	104	3472	54	0.2857	0.1868	0.2747	0.2527
595	186	14483	142	0.2222	0.2833	0.2556	0.2389
596	167	11588	125	0.3114	0.2635	0.1737	0.2515
597	100	3773	65	0.1263	0.3684	0.2421	0.2632
598	116	5666	87	0.2609	0.2609	0.1826	0.2957
599	131	3880	43	0.2793	0.2613	0.1532	0.3063
600	191	13610	126	0.2128	0.2660	0.2447	0.2766
601	198	4485	32	0.2037	0.2315	0.0833	0.4815
602	156	5477	49	0.2199	0.2057	0.1844	0.3901
603	181	12166	115	0.2528	0.2416	0.2528	0.2528
604	136	2371	24	0.1781	0.2877	0.0274	0.5068
605	146	2352	23	0.2805	0.2439	0.0610	0.4146
606	124	5787	81	0.2314	0.2645	0.2810	0.2231
607	123	1666	18	0.2410	0.3735	0.1325	0.2530
608	137	7180	91	0.2692	0.2308	0.2308	0.2692
609	106	2373	31	0.2759	0.2759	0.2299	0.2184
610	186	10184	88	0.2914	0.2171	0.2343	0.2571
611	153	9735	111	0.2418	0.2876	0.2222	0.2484
612	109	4517	70	0.2523	0.2710	0.2804	0.1963
613	181	12326	118	0.2343	0.2743	0.2514	0.2400
614	108	4494	70	0.2358	0.2547	0.1981	0.3113
615	151	7062	77	0.2685	0.2819	0.2081	0.2416
616	113	2831	36	0.2900	0.2400	0.2300	0.2400
617	190	15179	148	0.3016	0.2063	0.2540	0.2381
618	134	3730	40	0.2054	0.2768	0.2232	0.2946
619	107	1346	17	0.1667	0.3148	0.0741	0.4444
620	197	11435	94	0.2486	0.2108	0.2162	0.3243
621	149	8304	95	0.2466	0.2671	0.1918	0.2945
622	176	11563	115	0.1813	0.2749	0.2807	0.2632
623	196	15866	148	0.2371	0.2526	0.2629	0.2474
624	116	4298	58	0.2222	0.2037	0.2500	0.3241
625	141	6300	72	0.2061	0.2366	0.2137	0.3435
626	188	4146	30	0.2700	0.2500	0.0400	0.4400
627	111	2935	39	0.3103	0.1954	0.1264	0.3678
628	134	5629	68	0.3231	0.2077	0.2308	0.2385
629	188	14603	140	0.2857	0.2198	0.2253	0.2692
630	174	11109	110	0.2832	0.2659	0.2486	0.2023
631	196	14293	127	0.2356	0.2251	0.2723	0.2670
632	176	9281	87	0.2335	0.2335	0.2216	0.3114
633	147	8142	95	0.2878	0.2158	0.2806	0.2158
634	138	7145	91	0.2313	0.3060	0.2388	0.2239
635	180	3643	27	0.2727	0.1688	0.0519	0.5065
636	148	8272	96	0.2766	0.2624	0.1915	0.2695
637	137	7858	103	0.1926	0.2815	0.2519	0.2741
638	176	11500	111	0.2982	0.2398	0.2281	0.2339
639	102	2160	31	0.2989	0.2299	0.1954	0.2759
640	147	6621	72	0.2950	0.2446	0.1655	0.2950
641	139	3994	40	0.2500	0.2879	0.2348	0.2273
642	157	7458	76	0.2400	0.2333	0.3133	0.2133
643	116	1680	22	0.2121	0.2576	0.1061	0.4242
644	115	2913	36	0.2778	0.2778	0.1778	0.2667
645	181	13762	137	0.2571	0.1943	0.2114	0.3371
646	143	8554	106	0.2624	0.1915	0.2979	0.2482
647	155	7504	80	0.2384	0.2119	0.2185	0.3311
648	196	3758	27	0.1707	0.1220	0.0976	0.6098
649	200	8424	60	0.2727	0.2670	0.1534	0.3068
650	192	7824	58	0.2484	0.2981	0.1801	0.2733
651	175	12758	130	0.2890	0.2370	0.2775	0.1965
652	130	6450	86	0.2160	0.2560	0.2720	0.2560
653	103	2462	34	0.2289	0.2651	0.2289	0.2771
654	115	5561	84	0.3540	0.1858	0.2301	0.2301
655	111	5238	84	0.2685	0.2500	0.2130	0.2685
656	142	7628	95	0.2624	0.2199	0.2553	0.2624
657	101	3920	67	0.2424	0.2323	0.2828	0.2424
658	199	7880	57	0.2356	0.2471	0.2069	0.3103
659	149	4258	39	0.2283	0.2756	0.2362	0.2598
660	125	1591	17	0.2297	0.2838	0.1081	0.3784
661	182	4181	31	0.1636	0.2545	0.0818	0.5000
662	118	4251	58	0.2414	0.2845	0.2586	0.2155
663	107	3656	55	0.2300	0.2200	0.2300	0.3200
664	129	2200	24	0.2840	0.2222	0.0988	0.3951
665	184	12452	116	0.2457	0.2743	0.2286	0.2514
666	175	11524	115	0.2733	0.2151	0.2209	0.2907
667	166	5768	49	0.2446	0.2950	0.1799	0.2806
668	194	14054	127	0.3021	0.2135	0.2344	0.2500
669	105	3498	53	0.2190	0.2857	0.2476	0.2476
670	105	3563	53	0.3010	0.1942	0.1845	0.3204
671	162	7861	78	0.2956	0.2264	0.2830	0.1950
672	167	10346	105	0.1840	0.2393	0.2577	0.3190
673	100	4249	74	0.2737	0.2105	0.2737	0.2421
674	134	7572	101	0.2481	0.2558	0.2171	0.2791
675	102	3173	49	0.3229	0.1875	0.2708	0.2188
676	156	9010	99	0.2194	0.2065	0.2452	0.3290
677	182	12426	120	0.2056	0.2389	0.3278	0.2278
678	167	10510	105	0.2407	0.3086	0.2222	0.2284
679	178	13295	134	0.2640	0.2528	0.2079	0.2753
680	111	1524	19	0.3239	0.1549	0.1408	0.3803
681	155	9050	103	0.2632	0.2105	0.2237	0.3026
682	166	3638	31	0.3021	0.1562	0.0833	0.4583
683	160	10570	117	0.2516	0.2065	0.3032	0.2387
684	141	6214	73	0.2246	0.3043	0.1667	0.3043
685	111	4595	70	0.2404	0.1635	0.2981	0.2981
686	189	14895	142	0.2295	0.2459	0.2678	0.2568
687	143	2470	23	0.2121	0.3131	0.1313	0.3434
688	117	4255	59	0.2432	0.2162	0.2432	0.2973
689	145	4412	43	0.2097	0.2419	0.2823	0.2661
690	107	4857	81	0.1923	0.2596	0.2981	0.2500
691	115	5554	85	0.2957	0.2348	0.2522	0.2174
692	177	11561	112	0.2222	0.2105	0.2924	0.2749
693	190	15008	142	0.2660	0.2713	0.2394	0.2234
694	109	4518	71	0.3148	0.2685	0.2407	0.1759
695	191	3773	28	0.1500	0.2900	0.0300	0.5300
696	118	3157	38	0.2414	0.2874	0.1264	0.3448
697	147	8079	95	0.2535	0.2394	0.2465	0.2606
698	189	13350	124	0.2419	0.2097	0.2957	0.2527
699	128	1921	22	0.1231	0.2769	0.0615	0.5385
700	127	2141	24	0.2394	0.2113	0.0423	0.5070
701	179	9710	89	0.2400	0.2343	0.2171	0.3086
702	123	5658	76	0.2250	0.2667	0.2667	0.2417
703	178	11717	116	0.3086	0.1943	0.2800	0.2171
704	131	1944	20	0.2250	0.2250	0.1250	0.4250
705	171	3172	26	0.2455	0.3364	0.0727	0.3455
706	106	4165	68	0.2600	0.2200	0.2800	0.2400
707	181	3443	26	0.2062	0.2474	0.0619	0.4845
708	124	3322	38	0.2617	0.2804	0.1589	0.2991
709	174	9125	85	0.2236	0.2919	0.2174	0.2671
710	139	7260	87	0.2741	0.2074	0.2000	0.3185
711	164	9825	103	0.2342	0.2785	0.2468	0.2405
712	156	10091	114	0.3052	0.1948	0.2532	0.2468
713	152	4777	44	0.2817	0.2887	0.2324	0.1972
714	200	12036	100	0.2526	0.2165	0.2268	0.3041
715	124	3445	40	0.3208	0.2547	0.1509	0.2736
716	158	3051	26	0.2471	0.2824	0.0353	0.4353
717	137	2219	22	0.2439	0.2439	0.1098	0.4024
718	152	9755	114	0.1757	0.2568	0.2770	0.2905
719	117	5752	87	0.2281	0.2281	0.3246	0.2193
720	109	4497	69	0.3302	0.2830	0.1792	0.2075
721	163	5542	48	0.2603	0.2603	0.2397	0.2397
722	188	6891	52	0.2931	0.2184	0.2069	0.2816
723	104	4116	67	0.2323	0.2828	0.1919	0.2929
724	161	2886	24	0.2353	0.3137	0.0588	0.3922
725	191	7312	55	0.2795	0.2112	0.1925	0.3168
726	179	6409	49	0.2667	0.2933	0.1467	0.2933
727	102	3305	50	0.2472	0.2584	0.1910	0.3034
728	198	11737	96	0.2461	0.2932	0.1832	0.2775
729	102	2495	36	0.2644	0.2644	0.2069	0.2644
730	162	11004	122	0.1975	0.2531	0.2654	0.2840
731	171	3040	27	0.2151	0.2151	0.0645	0.5054
732	134	6657	83	0.1970	0.3106	0.2652	0.2273
733	106	2657	38	0.2727	0.2929	0.1717	0.2626
734	107	4836	80	0.2243	0.2804	0.2617	0.2336
735	182	3899	29	0.2571	0.1524	0.1238	0.4667
736	181	6750	51	0.1860	0.3663	0.1977	0.2500
737	195	11547	98	0.2053	0.2579	0.2421	0.2947
738	192	13532	121	0.2324	0.2541	0.2649	0.2486
739	185	3800	31	0.2079	0.1881	0.0792	0.5248
740	136	3710	39	0.3070	0.2632	0.2281	0.2018
741	158	10434	119	0.2803	0.2420	0.2229	0.2548
742	151	2560	23	0.3021	0.2500	0.0729	0.3750
743	123	6380	91	0.2049	0.1967	0.2869	0.3115
744	173	6463	53	0.2160	0.3148	0.2099	0.2593
745	111	3821	55	0.2376	0.2277	0.2277	0.3069
746	186	3915	31	0.2022	0.1798	0.0562	0.5618
747	142	6218	69	0.2518	0.2374	0.2950	0.2158
748	127	4951	62	0.2195	0.2439	0.2764	0.2602
749	132	3896	42	0.2143	0.2589	0.1964	0.3304
750	135	6861	86	0.2154	0.3077	0.2385	0.2385
751	152	9691	114	0.2517	0.2715	0.2185	0.2583
752	197	11627	96	0.2541	0.2973	0.1568	0.2919
753	164	8009	79	0.2564	0.2692	0.1667	0.3077
754	108	4896	80	0.2804	0.2430	0.2523	0.2243
755	158	2631	22	0.1939	0.3265	0.1224	0.3571
756	163	7935	78	0.2244	0.2500	0.2564	0.2692
757	126	3686	44	0.2500	0.3519	0.1204	0.2778
758	200	4655	31	0.2190	0.2920	0.0730	0.4161
759	114	4975	75	0.3186	0.1770	0.3009	0.2035
760	110	3940	57	0.1827	0.2981	0.1923	0.3269
761	101	3820	63	0.2551	0.1939	0.2755	0.2755
762	102	3975	66	0.2449	0.2653	0.2449	0.2449
763	102	4331	75	0.2772	0.2475	0.1980	0.2772
764	150	6801	73	0.2014	0.2778	0.2292	0.2917
765	140	7413	91	0.2105	0.2556	0.2406	0.2932
766	129	5206	65	0.3109	0.2521	0.1765	0.2605
767	126	1928	21	0.3146	0.2135	0.1236	0.3483
768	151	7000	74	0.2378	0.3007	0.2797	0.1818
769	124	5781	78	0.2083	0.2583	0.2250	0.3083
770	161	9743	105	0.2532	0.1883	0.2792	0.2792
771	136	7019	91	0.2197	0.2500	0.2576	0.2727
772	142	7525	91	0.2643	0.2357	0.3000	0.2000
773	147	8195	97	0.2734	0.2662	0.2302	0.2302
774	131	6394	83	0.2240	0.3200	0.2560	0.2000
775	103	3405	52	0.2347	0.3367	0.1531	0.2755
776	115	4041	54	0.2316	0.2737	0.2000	0.2947
777	145	6579	74	0.2643	0.1857	0.2500	0.3000
778	189	14715	137	0.2486	0.2811	0.2378	0.2324
779	170	3219	26	0.2471	0.2353	0.0824	0.4353
780	190	11003	94	0.2265	0.2541	0.2652	0.2541
781	144	8681	106	0.2624	0.2411	0.2411	0.2553
782	171	5927	49	0.2465	0.2254	0.2183	0.3099
783	116	4877	69	0.1727	0.2909	0.2273	0.3091
784	173	3375	27	0.2065	0.2500	0.0761	0.4674
785	131	2245	23	0.2152	0.2278	0.1013	0.4557
786	171	6165	50	0.2914	0.2318	0.1722	0.3046
787	185	14252	140	0.3152	0.1902	0.2717	0.2228
788	128	6814	94	0.2975	0.2975	0.1736	0.2314
789	167	5584	48	0.3158	0.2171	0.1776	0.2895
790	194	3778	28	0.1807	0.2410	0.0602	0.5181
791	166	11433	123	0.2515	0.2515	0.2454	0.2515
792	197	11813	98	0.2967	0.2527	0.1758	0.2747
793	155	7263	74	0.2838	0.2162	0.1959	0.3041
794	130	6413	85	0.2276	0.2439	0.2602	0.2683
795	127	3442	38	0.2258	0.2688	0.1828	0.3226
796	148	6770	73	0.2500	0.2500	0.1571	0.3429
797	153	9790	114	0.3007	0.2810	0.1961	0.2222
798	121	1851	20	0.2593	0.3457	0.0617	0.3333
799	122	5578	77	0.2881	0.2119	0.2712	0.2288
800	176	11732	116	0.2604	0.2485	0.2485	0.2426
801	107	2668	37	0.2473	0.2688	0.2258	0.2581
802	185	14229	138	0.2595	0.2270	0.2865	0.2270
803	148	4770	46	0.2560	0.1520	0.2640	0.3280
804	187	7309	56	0.2323	0.2452	0.1935	0.3290
805	181	13646	136	0.2640	0.2247	0.2697	0.2416
806	161	9691	105	0.2727	0.1883	0.2078	0.3312
807	103	4464	76	0.2900	0.2500	0.2500	0.2100
808	182	6581	50	0.3214	0.2202	0.1786	0.2798
809	170	5860	50	0.2267	0.2400	0.2267	0.3067
810	196	16092	149	0.2835	0.2113	0.2887	0.2165
811	141	4123	41	0.2937	0.2937	0.1984	0.2143
812	124	1829	22	0.2113	0.2113	0.0986	0.4789
813	183	6476	50	0.2887	0.2958	0.1761	0.2394
814	165	5248	45	0.2590	0.3022	0.1511	0.2878
815	141	2235	21	0.3372	0.1860	0.0814	0.3953
816	118	4994	71	0.2522	0.2696	0.2870	0.1913
817	106	2520	34	0.2283	0.1957	0.2717	0.3043
818	118	5264	73	0.2203	0.2881	0.2203	0.2712
819	111	1439	17	0.2619	0.2857	0.1190	0.3333
820	109	3805	56	0.2549	0.2157	0.2647	0.2647
821	176	9412	85	0.2761	0.2699	0.2147	0.2393
822	177	13101	132	0.2557	0.1875	0.2614	0.2955
823	179	9674	89	0.1916	0.2455	0.2455	0.3174
824	144	2289	22	0.1975	0.1975	0.1111	0.4938
825	167	11577	124	0.2848	0.2424	0.2424	0.2303
826	175	12847	131	0.2035	0.2267	0.3140	0.2558
827	166	8404	81	0.2152	0.2152	0.2848	0.2848
828	165	5899	51	0.2465	0.3028	0.1761	0.2746
829	165	8205	82	0.2215	0.3608	0.2025	0.2152
830	126	2069	22	0.2771	0.1928	0.1325	0.3976
831	188	13157	122	0.2473	0.2634	0.2043	0.2849
832	135	6791	86	0.2672	0.2290	0.2672	0.2366
833	179	11942	116	0.2543	0.1792	0.3237	0.2428
834	176	11593	117	0.2400	0.2457	0.2800	0.2343
835	199	4076	30	0.2209	0.2209	0.0465	0.5116
836	165	8220	81	0.2323	0.2516	0.2774	0.2387
837	146	8861	107	0.2657	0.2448	0.2727	0.2168
838	163	11055	122	0.2628	0.2564	0.2628	0.2179
839	163	2693	23	0.2561	0.1585	0.0854	0.5000
840	152	2480	23	0.1758	0.2747	0.0549	0.4945
841	162	10892	120	0.2468	0.1899	0.2848	0.2785
842	145	4553	47	0.2672	0.2824	0.1908	0.2595
843	156	2762	24	0.1977	0.3140	0.0465	0.4419
844	148	8248	95	0.2553	0.2553	0.1915	0.2979
845	151	9586	113	0.2400	0.2600	0.2333	0.2667
846	168	8493	81	0.2293	0.2739	0.2675	0.2293
847	160	9452	100	0.2258	0.2194	0.2516	0.3032
848	128	3534	39	0.2857	0.2857	0.1786	0.2500
849	170	5785	47	0.2516	0.2767	0.2453	0.2264
850	133	3739	40	0.2000	0.3043	0.2522	0.2435
851	147	9056	109	0.2431	0.2222	0.2361	0.2986
852	168	2738	22	0.2718	0.2718	0.0971	0.3592
853	192	7581	56	0.2571	0.3200	0.1543	0.2686
854	132	2102	21	0.2828	0.2626	0.1111	0.3434
855	131	7296	101	0.1769	0.2154	0.3000	0.3077
856	164	10016	104	0.2422	0.2857	0.2360	0.2360
857	171	5849	47	0.1933	0.3067	0.1933	0.3067
858	155	4881	42	0.3120	0.2640	0.1440	0.2800
859	178	13127	131	0.2299	0.2759	0.2701	0.2241
860	176	12898	134	0.2644	0.2356	0.2586	0.2414
861	176	11631	117	0.2485	0.2722	0.2604	0.2189
862	154	7056	71	0.2000	0.1800	0.3133	0.3067
863	129	1906	21	0.1270	0.2857	0.0476	0.5397
864	170	10918	113	0.2424	0.2788	0.2303	0.2485
865	128	3564	40	0.3043	0.2609	0.1826	0.2522
866	104	1285	19	0.2667	0.2333	0.0500	0.4500
867	101	2246	33	0.2967	0.2418	0.2637	0.1978
868	157	10194	118	0.2727	0.2273	0.2143	0.2857
869	167	8324	78	0.2763	0.2697	0.2237	0.2303
870	134	7469	98	0.2558	0.3101	0.1938	0.2403
871	155	10000	113	0.2635	0.3108	0.2095	0.2162
872	139	2236	22	0.1609	0.3678	0.1379	0.3333
873	160	2860	25	0.2647	0.3137	0.0686	0.3529
874	160	10668	120	0.2065	0.2323	0.3419	0.2194
875	187	7077	54	0.2975	0.2215	0.1899	0.2911
876	106	4330	69	0.1442	0.2692	0.2788	0.3077
877	132	6468	83	0.2439	0.2927	0.2927	0.1707
878	167	8418	81	0.2716	0.2099	0.2840	0.2346
879	194	4493	33	0.2474	0.1443	0.1134	0.4948
880	132	5180	64	0.2441	0.2126	0.2913	0.2520
881	101	1317	18	0.2687	0.3284	0.0597	0.3433
882	153	2801	25	0.2262	0.2262	0.0714	0.4762
883	163	11105	122	0.2532	0.2278	0.1709	0.3481
884	111	4705	73	0.2455	0.2364	0.3091	0.2091
885	176	9172	86	0.2242	0.2727	0.2667	0.2364
886	153	9878	116	0.2333	0.2533	0.2600	0.2533
887	184	14218	139	0.2131	0.2568	0.2896	0.2404
888	110	2722	35	0.2979	0.2979	0.1915	0.2128
889	151	5164	49	0.2444	0.2519	0.1852	0.3185
890	196	4023	29	0.1667	0.2604	0.0417	0.5312
891	184	9857	85	0.2356	0.3563	0.2299	0.1782
892	119	5957	89	0.3304	0.1826	0.2087	0.2783
893	158	10495	117	0.2756	0.2949	0.1923	0.2372
894	122	5662	79	0.2667	0.2083	0.2333	0.2917
895	166	3187	25	0.2680	0.2062	0.1340	0.3918
896	165	8185	80	0.2236	0.2298	0.2671	0.2795
897	192	13645	125	0.2340	0.2500	0.2819	0.2340
898	131	1731	19	0.2281	0.2456	0.0702	0.4561
899	194	3686	25	0.2946	0.2321	0.0893	0.3839
900	118	2958	35	0.3010	0.2330	0.2330	0.2330
901	194	14073	126	0.2766	0.2500	0.2128	0.2606
902	129	6154	82	0.2578	0.2500	0.2734	0.2188
903	121	5512	78	0.2269	0.2353	0.2353	0.3025
904	103	1270	17	0.1163	0.3488	0.0698	0.4651
905	161	9631	105	0.2532	0.2342	0.2722	0.2405
906	133	2380	24	0.2500	0.2935	0.0978	0.3587
907	114	4137	59	0.1818	0.3091	0.2455	0.2636
908	104	4604	78	0.1900	0.2900	0.3000	0.2200
909	107	1739	23	0.2394	0.2394	0.0563	0.4648
910	121	1814	21	0.1290	0.2581	0.0968	0.5161
911	108	2540	33	0.2442	0.1977	0.1860	0.3721
912	129	1630	18	0.1875	0.3125	0.0781	0.4219
913	115	4996	73	0.2973	0.2432	0.1892	0.2703
914	181	12129	116	0.2586	0.2241	0.2874	0.2299
915	125	3454	39	0.2667	0.2667	0.2000	0.2667
916	165	2960	26	0.1875	0.1750	0.0375	0.6000
917	130	7107	97	0.3016	0.2619	0.2222	0.2143
918	135	2106	21	0.1977	0.3256	0.0465	0.4302
919	139	8057	102	0.2444	0.2370	0.2519	0.2667
920	193	7421	54	0.1953	0.3136	0.1953	0.2959
921	198	11968	97	0.1937	0.2513	0.2618	0.2932
922	175	3563	28	0.3084	0.2617	0.0935	0.3364
923	156	5212	49	0.1931	0.2552	0.2414	0.3103
924	104	1410	17	0.3056	0.2083	0.1250	0.3611
925	119	5964	88	0.2193	0.2632	0.2982	0.2193
926	112	5217	80	0.2385	0.2661	0.2202	0.2752
927	127	6184	84	0.2661	0.2258	0.2016	0.3065
928	127	3542	39	0.2119	0.3644	0.1695	0.2542
929	193	11037	91	0.2732	0.2623	0.1967	0.2678
930	147	2815	27	0.2697	0.1798	0.0899	0.4607
931	148	2220	20	0.3523	0.2386	0.1364	0.2727
932	147	9090	110	0.2431	0.2847	0.2778	0.1944
933	102	3970	67	0.1939	0.2755	0.2551	0.2755
934	142	8512	107	0.1929	0.2500	0.2429	0.3143
935	120	6108	92	0.2650	0.2308	0.2222	0.2821
936	109	4565	70	0.2593	0.2130	0.2037	0.3241
937	103	4448	75	0.3000	0.2200	0.1800	0.3000
938	188	13025	120	0.1921	0.2599	0.2429	0.3051
939	134	7554	100	0.2362	0.1890	0.2598	0.3150
940	140	7227	87	0.2000	0.2538	0.3231	0.2231
941	198	14652	129	0.3245	0.3245	0.1702	0.1809
942	190	15163	144	0.2811	0.2270	0.2486	0.2432
943	109	2872	37	0.2700	0.2700	0.1400	0.3200
944	126	5980	81	0.2640	0.2560	0.2560	0.2240
945	128	1848	20	0.2667	0.3333	0.0667	0.3333
946	131	2328	24	0.2078	0.3117	0.0909	0.3896
947	110	3932	59	0.3069	0.2277	0.2277	0.2376
948	180	11927	115	0.2800	0.3143	0.2000	0.2057
949	164	10084	107	0.1914	0.3210	0.2778	0.2099
950	149	6889	73	0.2357	0.1857	0.2643	0.3143
951	164	8123	79	0.2548	0.3248	0.1975	0.2229
952	158	7769	80	0.2368	0.2368	0.2237	0.3026
953	160	9548	103	0.2692	0.3077	0.2115	0.2115
954	170	12092	131	0.2130	0.2959	0.2663	0.2249
955	133	2098	23	0.1974	0.2895	0.1053	0.4079
956	173	9131	85	0.2573	0.2222	0.2398	0.2807
957	104	4139	68	0.2424	0.2727	0.2525	0.2323
958	100	3216	52	0.2708	0.2396	0.2604	0.2292
959	151	9535	111	0.2887	0.2324	0.2254	0.2535
960	122	5589	78	0.2087	0.1739	0.2783	0.3391
961	192	3822	29	0.1887	0.2453	0.0755	0.4906
962	152	9756	115	0.2432	0.2230	0.2703	0.2635
963	158	7545	76	0.2484	0.2941	0.2614	0.1961
964	104	4575	78	0.2330	0.2621	0.2427	0.2621
965	133	5407	65	0.2713	0.2326	0.2248	0.2713
966	170	5636	46	0.2587	0.2727	0.1748	0.2937
967	106	2493	34	0.2935	0.1957	0.2500	0.2609
968	105	4291	70	0.2970	0.1980	0.2673	0.2376
969	112	1335	17	0.3382	0.2206	0.1176	0.3235
970	124	4635	59	0.3077	0.2308	0.2393	0.2222
971	200	4038	29	0.1750	0.1750	0.1000	0.5500
972	169	3501	29	0.2371	0.1856	0.0928	0.4845
973	100	3149	48	0.2159	0.2955	0.2159	0.2727
974	163	8141	82	0.2403	0.2857	0.2208	0.2532
975	148	8310	98	0.2222	0.3056	0.2431	0.2292
976	137	2370	24	0.2941	0.3059	0.0706	0.3294
977	101	4274	73	0.2872	0.2553	0.2128	0.2447
978	111	4709	72	0.2545	0.2273	0.3000	0.2182
979	115	5604	85	0.2455	0.2455	0.2818	0.2273
980	142	2430	23	0.3158	0.1711	0.0921	0.4211
981	186	7120	55	0.3141	0.2051	0.1282	0.3526
982	103	1376	18	0.2222	0.2500	0.1250	0.4028
983	188	13382	124	0.2500	0.2667	0.2111	0.2722
984	159	10573	119	0.3165	0.2405	0.2152	0.2278
985	123	6321	92	0.2521	0.2269	0.2521	0.2689
986	170	6242	52	0.2839	0.2839	0.2000	0.2323
987	102	3314	53	0.1875	0.2396	0.2500	0.3229
988	142	6196	71	0.2266	0.2656	0.2500	0.2578
989	109	4447	69	0.2453	0.2264	0.2925	0.2358
990	128	5112	64	0.3171	0.3333	0.1789	0.1707
991	173	9105	85	0.2454	0.2515	0.1840	0.3190
992	127	3500	39	0.2857	0.2347	0.1837	0.2959
993	178	11954	115	0.2471	0.2644	0.2471	0.2414
994	176	6184	50	0.3247	0.2273	0.2208	0.2273
995	166	8215	79	0.2716	0.2222	0.2099	0.2963
996	111	1674	22	0.2143	0.1964	0.1071	0.4821
997	119	5938	88	0.2931	0.2155	0.1897	0.3017
998	156	9019	98	0.2581	0.2387	0.2774	0.2258
999	188	13189	124	0.2742	0.2688	0.2097	0.2473
1000	170	3100	25	0.3271	0.2150	0.0561	0.4019
