Kcore	MeanRatioD	StdRatioD	MeanRatioI	StdRatioI	MeanRatioC	StdRatioC	MeanRatioS	StdRatioS	ObservationCount
4	0,0000	0,0000	0,0000	0,0000	1,0000	0,0000	0,0000	0,0000	1
5	0,0000	0,0000	0,0000	0,0000	1,0000	0,0000	0,0000	0,0000	2
6	0,0000	0,0000	0,0000	0,0000	1,0000	0,0000	0,0000	0,0000	5
7	0,2500	0,5000	0,0000	0,0000	0,7500	0,5000	0,0000	0,0000	4
8	0,0000	0,0000	0,0714	0,1890	0,9286	0,1890	0,0000	0,0000	7
9	0,0556	0,1667	0,0000	0,0000	0,9444	0,1667	0,0000	0,0000	9
10	0,0208	0,0589	0,0208	0,0589	0,9583	0,1179	0,0000	0,0000	8
11	0,1280	0,2017	0,0000	0,0000	0,8720	0,2017	0,0000	0,0000	12
12	0,1369	0,2915	0,0000	0,0000	0,8631	0,2915	0,0000	0,0000	12
13	0,1182	0,1861	0,0807	0,1590	0,8010	0,2684	0,0000	0,0000	16
14	0,1152	0,1780	0,1957	0,3465	0,6891	0,3526	0,0000	0,0000	15
15	0,1582	0,1809	0,1865	0,2254	0,6526	0,3154	0,0027	0,0103	14
16	0,1359	0,1652	0,2456	0,3140	0,6081	0,3813	0,0104	0,0417	16
17	0,2743	0,2069	0,2649	0,2582	0,4161	0,3510	0,0448	0,0989	16
18	0,2586	0,2723	0,1927	0,1957	0,5258	0,3930	0,0229	0,0855	14
19	0,2570	0,2694	0,3221	0,3466	0,3847	0,3547	0,0362	0,1062	13
20	0,5000	0,3227	0,2402	0,2308	0,2417	0,2067	0,0182	0,0603	11
21	0,3424	0,2446	0,3588	0,2188	0,2068	0,2076	0,0919	0,1690	12
22	0,3100	0,1893	0,3193	0,1340	0,3249	0,2824	0,0458	0,1375	9
23	0,4512	0,2959	0,3700	0,2906	0,1636	0,1929	0,0152	0,0285	8
24	0,2969	0,1975	0,2652	0,2122	0,3254	0,3376	0,1125	0,2130	8
25	0,2625	0,1611	0,3097	0,1855	0,2750	0,3323	0,1528	0,2407	7
26	0,5547	0,2930	0,2127	0,2251	0,1029	0,1691	0,1297	0,1976	5
27	0,2433	0,1912	0,1977	0,2118	0,2636	0,4196	0,2954	0,2657	5
28	0,2362	0,3879	0,0785	0,1216	0,5160	0,5305	0,1694	0,2624	6
29	0,0000	0,0000	0,0000	0,0000	1,0000	0,0000	0,0000	0,0000	2
30	0,0000	0,0000	0,4667	0,5055	0,3333	0,4714	0,2000	0,4472	5
31	0,0000	0,0000	0,1250	0,2500	0,8750	0,2500	0,0000	0,0000	4
32	0,4167	0,5204	0,0833	0,1443	0,5000	0,5000	0,0000	0,0000	3
33	0,0000	0,0000	0,0000	0,0000	1,0000	0,0000	0,0000	0,0000	3
34	0,1917	0,3499	0,2167	0,2016	0,5917	0,3270	0,0000	0,0000	8
35	0,2340	0,2375	0,2895	0,4149	0,4594	0,3184	0,0171	0,0513	9
36	0,1921	0,1858	0,1711	0,1530	0,5783	0,3241	0,0586	0,1242	10
37	0,4789	0,3687	0,0818	0,1318	0,3531	0,3468	0,0862	0,1197	9
38	0,2065	0,3131	0,0889	0,1254	0,6299	0,4076	0,0747	0,1280	11
39	0,4115	0,3929	0,2252	0,3294	0,2610	0,3352	0,1022	0,1430	8
40	0,0000	0,0000	0,1429	0,3780	0,8571	0,3780	0,0000	0,0000	7
41	0,1000	0,2236	0,3000	0,4472	0,6000	0,5477	0,0000	0,0000	5
42	0,0303	0,0742	0,4646	0,4522	0,4217	0,3898	0,0833	0,2041	6
43	0,1275	0,1786	0,2868	0,4518	0,5517	0,4457	0,0339	0,0959	8
44	0,0317	0,0840	0,2143	0,2673	0,7540	0,2502	0,0000	0,0000	7
45	0,2238	0,1145	0,1313	0,1470	0,5880	0,2814	0,0569	0,1393	6
46	0,2385	0,3318	0,2261	0,3416	0,4653	0,4702	0,0701	0,1424	9
47	0,0625	0,1157	0,1563	0,2457	0,7813	0,2633	0,0000	0,0000	8
48	0,1276	0,2796	0,2466	0,3579	0,5782	0,4620	0,0476	0,1260	7
49	0,1481	0,3275	0,3981	0,4120	0,3241	0,3690	0,1296	0,3310	9
50	0,1678	0,1489	0,3181	0,2903	0,4227	0,3056	0,0915	0,1426	9
51	0,2806	0,4230	0,2917	0,3323	0,4139	0,3250	0,0139	0,0340	6
52	0,1757	0,1892	0,2939	0,3376	0,4199	0,3391	0,1105	0,1410	7
53	0,6586	0,4788	0,1113	0,1573	0,1652	0,2887	0,0650	0,1453	5
54	0,1110	0,1406	0,1650	0,3304	0,4081	0,4277	0,3160	0,4103	9
55	0,3064	0,1359	0,3214	0,1195	0,2043	0,1402	0,1679	0,1267	4
56	0,4346	0,2015	0,0654	0,1132	0,4085	0,2300	0,0915	0,1585	3
57	0,2016	0,1475	0,4762	0,3499	0,2530	0,1838	0,0692	0,1384	4
58	0,4388	0,5111	0,0544	0,0943	0,4082	0,5247	0,0986	0,1708	3
59	0,0760	0,1520	0,2193	0,3143	0,5409	0,5343	0,1637	0,1891	4
60	0,2564	0,2502	0,4011	0,5285	0,2454	0,2501	0,0971	0,1681	3
61	0,1767	0,2499	0,1034	0,1463	0,6121	0,5486	0,1078	0,1524	2
63	0,2500	0,3536	0,0000	0,0000	0,5000	0,0000	0,2500	0,3536	2
64	0,0000	0,0000	0,1667	0,2357	0,8333	0,2357	0,0000	0,0000	2
65	0,2500	0,5000	0,1250	0,2500	0,6250	0,4787	0,0000	0,0000	4
66	0,0000	0,0000	0,0000	0,0000	1,0000	0,0000	0,0000	0,0000	3
67	0,1376	0,1527	0,2704	0,3724	0,2997	0,3673	0,2923	0,3687	6
68	1,0000	0,0000	0,0000	0,0000	0,0000	0,0000	0,0000	0,0000	1
69	0,0000	0,0000	0,5000	0,7071	0,5000	0,7071	0,0000	0,0000	2
70	0,1044	0,1623	0,2093	0,4006	0,6209	0,4444	0,0654	0,1030	6
71	0,1042	0,1804	0,3958	0,5316	0,4036	0,5271	0,0964	0,1669	3
72	0,0000	0,0000	1,0000	0,0000	0,0000	0,0000	0,0000	0,0000	1
73	0,4014	0,5284	0,4444	0,5092	0,0862	0,1492	0,0680	0,1178	3
74	0,0000	0,0000	0,5000	0,7071	0,5000	0,7071	0,0000	0,0000	2
75	0,2500	0,4183	0,3333	0,5164	0,2500	0,4183	0,1667	0,4082	6
76	0,2500	0,5000	0,3750	0,4787	0,3750	0,4787	0,0000	0,0000	4
77	0,1565	0,2001	0,1586	0,2012	0,6495	0,2889	0,0355	0,0869	6
78	0,0313	0,0827	0,2554	0,3538	0,6777	0,4020	0,0357	0,0945	7
79	0,3008	0,4000	0,0331	0,0811	0,4553	0,4604	0,2108	0,4009	6
80	0,1391	0,1668	0,3073	0,4743	0,4676	0,4514	0,0860	0,1720	4
81	0,2500	0,4629	0,0000	0,0000	0,6875	0,4581	0,0625	0,1768	8
82	0,0782	0,1214	0,2533	0,3887	0,4123	0,4676	0,2562	0,3876	6
83	0,0972	0,1333	0,3059	0,4106	0,2947	0,4126	0,3022	0,4106	5
84	0,0000	0,0000	0,0000	0,0000	0,5000	0,7071	0,5000	0,7071	2
85	0,2670	0,2517	0,0973	0,1686	0,5531	0,4229	0,0826	0,1431	3
86	0,1139	0,1345	0,1471	0,1701	0,6155	0,4458	0,1236	0,1445	4
87	0,4667	0,5033	0,4667	0,5033	0,0667	0,1155	0,0000	0,0000	3
88	0,2365	0,3571	0,0982	0,1230	0,6006	0,4150	0,0647	0,1112	7
89	0,3803	0,4349	0,2639	0,3544	0,2469	0,3558	0,1089	0,1378	7
90	0,2977	0,3373	0,2946	0,3380	0,2742	0,3842	0,1335	0,1669	7
91	0,1894	0,2576	0,2353	0,1595	0,5138	0,3934	0,0615	0,1229	4
92	0,2430	0,2503	0,0912	0,1580	0,2542	0,2501	0,4115	0,5229	3
93	0,1526	0,1777	0,3125	0,4732	0,1431	0,1697	0,3918	0,4289	4
94	0,1912	0,2408	0,3108	0,4736	0,4304	0,4313	0,0676	0,1351	4
95	0,2764	0,0000	0,2439	0,0000	0,2439	0,0000	0,2358	0,0000	1
96	0,1877	0,1706	0,0811	0,1404	0,1922	0,1724	0,5390	0,4000	3
97	0,1063	0,1503	0,4035	0,1364	0,3760	0,1754	0,1142	0,1615	2
98	0,2336	0,0802	0,2320	0,0087	0,2688	0,0335	0,2656	0,0380	2
99	0,0000	0,0000	1,0000	0,0000	0,0000	0,0000	0,0000	0,0000	1
101	0,1209	0,1710	0,6209	0,5361	0,1144	0,1618	0,1438	0,2034	2
102	0,0000	0,0000	1,0000	0,0000	0,0000	0,0000	0,0000	0,0000	1
103	0,5000	0,7071	0,0000	0,0000	0,5000	0,7071	0,0000	0,0000	2
104	0,5000	0,7071	0,5000	0,7071	0,0000	0,0000	0,0000	0,0000	2
105	0,0000	0,0000	0,0000	0,0000	1,0000	0,0000	0,0000	0,0000	1
106	0,2158	0,0000	0,2806	0,0000	0,2806	0,0000	0,2230	0,0000	1
108	0,0000	0,0000	1,0000	0,0000	0,0000	0,0000	0,0000	0,0000	1
109	0,3333	0,5774	0,0000	0,0000	0,6667	0,5774	0,0000	0,0000	3
110	0,0000	0,0000	0,3333	0,0000	0,6667	0,0000	0,0000	0,0000	1
111	0,1493	0,2111	0,6076	0,5549	0,0799	0,1129	0,1632	0,2308	2
112	0,0000	0,0000	0,5000	0,0000	0,2500	0,0000	0,2500	0,0000	1
113	0,5708	0,3986	0,0799	0,1384	0,2671	0,2518	0,0822	0,1424	3
114	0,0906	0,1281	0,6174	0,5410	0,1477	0,2088	0,1443	0,2041	2
115	0,1667	0,2357	0,6144	0,5454	0,1242	0,1756	0,0948	0,1340	2
116	1,0000	0,0000	0,0000	0,0000	0,0000	0,0000	0,0000	0,0000	1
117	1,0000	0,0000	0,0000	0,0000	0,0000	0,0000	0,0000	0,0000	1
118	0,7481	0,4363	0,0871	0,1509	0,0777	0,1345	0,0871	0,1509	3
119	0,0000	0,0000	0,0000	0,0000	0,5000	0,7071	0,5000	0,7071	2
120	0,1892	0,2400	0,3115	0,2397	0,3128	0,2392	0,1865	0,2390	4
121	0,0645	0,1289	0,5582	0,5189	0,3145	0,4729	0,0629	0,1258	4
122	0,6392	0,5102	0,1139	0,1611	0,1297	0,1835	0,1171	0,1656	2
123	0,5000	0,7071	0,0000	0,0000	0,5000	0,7071	0,0000	0,0000	2
124	0,3273	0,4716	0,1856	0,2387	0,0580	0,1160	0,4291	0,4322	4
125	0,1754	0,1540	0,1631	0,1423	0,5046	0,4291	0,1570	0,1367	3
126	0,0000	0,0000	1,0000	0,0000	0,0000	0,0000	0,0000	0,0000	1
127	0,0667	0,1155	0,3889	0,5358	0,4111	0,4168	0,1333	0,2309	3
128	0,5939	0,5743	0,1424	0,2014	0,1394	0,1971	0,1242	0,1757	2
129	0,2431	0,0191	0,2838	0,0533	0,2300	0,0079	0,2431	0,0264	2
130	0,2588	0,0000	0,2294	0,0000	0,2588	0,0000	0,2529	0,0000	1
131	0,2500	0,0000	0,3140	0,0000	0,1744	0,0000	0,2616	0,0000	1
133	0,0000	0,0000	1,0000	0,0000	0,0000	0,0000	0,0000	0,0000	1
136	1,0000	0,0000	0,0000	0,0000	0,0000	0,0000	0,0000	0,0000	1
138	0,0000	0,0000	0,0000	0,0000	1,0000	0,0000	0,0000	0,0000	1
139	0,1566	0,2215	0,6209	0,5362	0,1099	0,1554	0,1126	0,1593	2
140	0,0000	0,0000	0,0000	0,0000	1,0000	0,0000	0,0000	0,0000	1
141	1,0000	0,0000	0,0000	0,0000	0,0000	0,0000	0,0000	0,0000	1
143	0,5000	0,0000	0,5000	0,0000	0,0000	0,0000	0,0000	0,0000	1
144	0,2919	0,0000	0,2811	0,0000	0,2000	0,0000	0,2270	0,0000	1
146	0,5000	0,0000	0,0000	0,0000	0,5000	0,0000	0,0000	0,0000	1
147	0,0000	0,0000	0,3333	0,0000	0,6667	0,0000	0,0000	0,0000	1
148	0,2723	0,0000	0,2723	0,0000	0,2147	0,0000	0,2408	0,0000	1
